000 007000000000 00000000 00000000 00000000 00000000 00000000 00000000 00000000 00000000 00000000 00000000 00000000 00000000 00000000 00000000 00000000 00000000 
001 008000000000 00000000 00000000 00000000 00000000 00000000 00000000 00000000 00000000 00000000 00000000 00000000 00000000 00000000 00000000 00000000 00000000 
002 009000000000 00000000 00000000 00000000 00000000 00000000 00000000 00000000 00000000 00000000 00000000 00000000 00000000 00000000 00000000 00000000 00000000 
003 004000000000 00000000 00000000 00000000 00000000 00000000 00000000 00000000 00000000 00000000 00000000 00000000 00000000 00000000 00000000 00000000 00000000 
004 025179004000 00000000 00000004 00000000 00000000 00000000 00000000 00000000 00000000 00000000 00000000 00000000 00000000 00000000 00000000 00000000 00000000 
005 105510100000 00000000 00000100 00000000 00000000 00000000 00000000 00000000 00000000 00000000 00000000 00000000 00000000 00000000 00000000 00000000 00000000 
006 026198004000 00000000 00000004 00000000 00000000 00000000 00000001 00000000 00000000 00000000 00000000 00000000 00000000 00000000 00000000 00000000 00000000 
007 106610110000 00000000 00000110 00000000 00000000 00000000 00000001 00000000 00000000 00000000 00000000 00000000 00000000 00000000 00000000 00000000 00000000 
008 024564000000 00000000 00000000 00000000 00000000 00000000 00000001 00000001 00000000 00000000 00000000 00000000 00000000 00000000 00000000 00000000 00000000 
009 009910001000 00000000 00000001 00000000 00000000 00000001 00000001 00000001 00000000 00000000 00000000 00000000 00000000 00000000 00000000 00000000 00000000 
00A 0B0912004004 00000000 00000004 00000004 00000000 00000001 00000001 00000001 00000000 00000000 00000001 00000000 00000000 00000000 00000000 00000000 00000000 
004 025179004000 00000000 00000004 00000000 00000000 00000001 00000001 00000001 00000000 00000000 00000001 00000000 00000000 00000000 00000000 00000000 00000000 
005 105510100000 00000000 00000100 00000000 00000000 00000001 00000001 00000001 00000000 00000000 00000001 00000000 00000000 00000000 00000000 00000000 00000000 
006 026198004000 00000000 00000004 00000000 00000000 00000001 00000002 00000001 00000000 00000000 00000001 00000000 00000000 00000000 00000000 00000000 00000000 
007 106610110000 00000000 00000110 00000000 00000000 00000001 00000002 00000004 00000000 00000000 00000001 00000000 00000000 00000000 00000000 00000000 00000000 
008 024564000000 00000000 00000000 00000000 00000000 00000001 00000002 00000005 00000000 00000000 00000001 00000000 00000000 00000000 00000000 00000000 00000000 
009 009910001000 00000000 00000001 00000000 00000000 0000000B 00000002 00000005 00000000 00000000 00000001 00000000 00000000 00000000 00000000 00000000 00000000 
00A 0B0912004004 00000000 00000004 00000004 00000000 0000000B 00000002 00000005 00000000 00000000 00000002 00000000 00000000 00000000 00000000 00000000 00000000 
004 025179004000 00000000 00000004 00000000 00000000 0000000B 00000002 00000005 00000000 00000000 00000002 00000000 00000000 00000000 00000000 00000000 00000000 
005 105510100000 00000000 00000100 00000000 00000000 0000000B 00000002 00000005 00000000 00000000 00000002 00000000 00000000 00000000 00000000 00000000 00000000 
006 026198004000 00000000 00000004 00000000 00000000 0000000B 00000003 00000005 00000000 00000000 00000002 00000000 00000000 00000000 00000000 00000000 00000000 
007 106610110000 00000000 00000110 00000000 00000000 0000000B 00000003 00000008 00000000 00000000 00000002 00000000 00000000 00000000 00000000 00000000 00000000 
008 024564000000 00000000 00000000 00000000 00000000 0000000B 00000003 00000009 00000000 00000000 00000002 00000000 00000000 00000000 00000000 00000000 00000000 
009 009910001000 00000000 00000001 00000000 00000000 00000026 00000003 00000009 00000000 00000000 00000002 00000000 00000000 00000000 00000000 00000000 00000000 
00A 0B0912004004 00000000 00000004 00000004 00000000 00000026 00000003 00000009 00000000 00000000 00000003 00000000 00000000 00000000 00000000 00000000 00000000 
004 025179004000 00000000 00000004 00000000 00000000 00000026 00000003 00000009 00000000 00000000 00000003 00000000 00000000 00000000 00000000 00000000 00000000 
005 105510100000 00000000 00000100 00000000 00000000 00000026 00000003 00000009 00000000 00000000 00000003 00000000 00000000 00000000 00000000 00000000 00000000 
006 026198004000 00000000 00000004 00000000 00000000 00000026 00000004 00000009 00000000 00000000 00000003 00000000 00000000 00000000 00000000 00000000 00000000 
007 106610110000 00000000 00000110 00000000 00000000 00000026 00000004 0000000C 00000000 00000000 00000003 00000000 00000000 00000000 00000000 00000000 00000000 
008 024564000000 00000000 00000000 00000000 00000000 00000026 00000004 0000000D 00000000 00000000 00000003 00000000 00000000 00000000 00000000 00000000 00000000 
009 009910001000 00000000 00000001 00000000 00000000 0000005A 00000004 0000000D 00000000 00000000 00000003 00000000 00000000 00000000 00000000 00000000 00000000 
00A 0B0912004004 00000000 00000004 00000004 00000000 0000005A 00000004 0000000D 00000000 00000000 00000004 00000000 00000000 00000000 00000000 00000000 00000000 
00B 026178004000 00000000 00000004 00000000 00000000 0000005A 00000004 0000000D 00000000 00000000 00000004 00000000 00000000 00000000 00000000 00000000 00000000 
00C 114610120000 00000000 00000120 00000000 00000000 0000005A 00000004 00000000 00000000 00000000 00000004 00000000 00000000 00000000 00000000 00000000 00000000 
00D 008810001000 00000000 00000001 00000000 00000000 0000005A 00000004 00000000 00000000 00000000 00000004 00000000 00000000 00000000 00000000 00000000 00000000 
00E 0B0812004002 00000000 00000004 00000002 00000000 0000005A 00000004 00000000 00000000 00000001 00000004 00000000 00000000 00000000 00000000 00000000 00000000 
002 009000000000 00000000 00000000 00000000 00000000 0000005A 00000004 00000000 00000000 00000001 00000004 00000000 00000000 00000000 00000000 00000000 00000000 
003 004000000000 00000000 00000000 00000000 00000000 0000005A 00000004 00000000 00000000 00000001 00000000 00000000 00000000 00000000 00000000 00000000 00000000 
004 025179004000 00000000 00000004 00000000 00000000 00000000 00000004 00000000 00000000 00000001 00000000 00000000 00000000 00000000 00000000 00000000 00000000 
005 105510100000 00000000 00000100 00000000 00000000 00000000 00000000 00000000 00000000 00000001 00000000 00000000 00000000 00000000 00000000 00000000 00000000 
006 026198004000 00000000 00000004 00000000 00000000 00000000 00000001 00000000 00000000 00000001 00000000 00000000 00000000 00000000 00000000 00000000 00000000 
007 106610110000 00000000 00000110 00000000 00000000 00000000 00000001 00000001 00000000 00000001 00000000 00000000 00000000 00000000 00000000 00000000 00000000 
008 024564000000 00000000 00000000 00000000 00000000 00000000 00000001 00000002 00000000 00000001 00000000 00000000 00000000 00000000 00000000 00000000 00000000 
009 009910001000 00000000 00000001 00000000 00000000 00000002 00000001 00000002 00000000 00000001 00000000 00000000 00000000 00000000 00000000 00000000 00000000 
00A 0B0912004004 00000000 00000004 00000004 00000000 00000002 00000001 00000002 00000000 00000001 00000001 00000000 00000000 00000000 00000000 00000000 00000000 
004 025179004000 00000000 00000004 00000000 00000000 00000002 00000001 00000002 00000000 00000001 00000001 00000000 00000000 00000000 00000000 00000000 00000000 
005 105510100000 00000000 00000100 00000000 00000000 00000002 00000001 00000002 00000000 00000001 00000001 00000000 00000000 00000000 00000000 00000000 00000000 
006 026198004000 00000000 00000004 00000000 00000000 00000002 00000002 00000002 00000000 00000001 00000001 00000000 00000000 00000000 00000000 00000000 00000000 
007 106610110000 00000000 00000110 00000000 00000000 00000002 00000002 00000005 00000000 00000001 00000001 00000000 00000000 00000000 00000000 00000000 00000000 
008 024564000000 00000000 00000000 00000000 00000000 00000002 00000002 00000006 00000000 00000001 00000001 00000000 00000000 00000000 00000000 00000000 00000000 
009 009910001000 00000000 00000001 00000000 00000000 0000000E 00000002 00000006 00000000 00000001 00000001 00000000 00000000 00000000 00000000 00000000 00000000 
00A 0B0912004004 00000000 00000004 00000004 00000000 0000000E 00000002 00000006 00000000 00000001 00000002 00000000 00000000 00000000 00000000 00000000 00000000 
004 025179004000 00000000 00000004 00000000 00000000 0000000E 00000002 00000006 00000000 00000001 00000002 00000000 00000000 00000000 00000000 00000000 00000000 
005 105510100000 00000000 00000100 00000000 00000000 0000000E 00000002 00000006 00000000 00000001 00000002 00000000 00000000 00000000 00000000 00000000 00000000 
006 026198004000 00000000 00000004 00000000 00000000 0000000E 00000003 00000006 00000000 00000001 00000002 00000000 00000000 00000000 00000000 00000000 00000000 
007 106610110000 00000000 00000110 00000000 00000000 0000000E 00000003 00000009 00000000 00000001 00000002 00000000 00000000 00000000 00000000 00000000 00000000 
008 024564000000 00000000 00000000 00000000 00000000 0000000E 00000003 0000000A 00000000 00000001 00000002 00000000 00000000 00000000 00000000 00000000 00000000 
009 009910001000 00000000 00000001 00000000 00000000 0000002C 00000003 0000000A 00000000 00000001 00000002 00000000 00000000 00000000 00000000 00000000 00000000 
00A 0B0912004004 00000000 00000004 00000004 00000000 0000002C 00000003 0000000A 00000000 00000001 00000003 00000000 00000000 00000000 00000000 00000000 00000000 
004 025179004000 00000000 00000004 00000000 00000000 0000002C 00000003 0000000A 00000000 00000001 00000003 00000000 00000000 00000000 00000000 00000000 00000000 
005 105510100000 00000000 00000100 00000000 00000000 0000002C 00000003 0000000A 00000000 00000001 00000003 00000000 00000000 00000000 00000000 00000000 00000000 
006 026198004000 00000000 00000004 00000000 00000000 0000002C 00000004 0000000A 00000000 00000001 00000003 00000000 00000000 00000000 00000000 00000000 00000000 
007 106610110000 00000000 00000110 00000000 00000000 0000002C 00000004 0000000D 00000000 00000001 00000003 00000000 00000000 00000000 00000000 00000000 00000000 
008 024564000000 00000000 00000000 00000000 00000000 0000002C 00000004 0000000E 00000000 00000001 00000003 00000000 00000000 00000000 00000000 00000000 00000000 
009 009910001000 00000000 00000001 00000000 00000000 00000064 00000004 0000000E 00000000 00000001 00000003 00000000 00000000 00000000 00000000 00000000 00000000 
00A 0B0912004004 00000000 00000004 00000004 00000000 00000064 00000004 0000000E 00000000 00000001 00000004 00000000 00000000 00000000 00000000 00000000 00000000 
00B 026178004000 00000000 00000004 00000000 00000000 00000064 00000004 0000000E 00000000 00000001 00000004 00000000 00000000 00000000 00000000 00000000 00000000 
00C 114610120000 00000000 00000120 00000000 00000000 00000064 00000004 00000001 00000000 00000001 00000004 00000000 00000000 00000000 00000000 00000000 00000000 
00D 008810001000 00000000 00000001 00000000 00000000 00000064 00000004 00000001 00000000 00000001 00000004 00000000 00000000 00000000 00000000 00000000 00000000 
00E 0B0812004002 00000000 00000004 00000002 00000000 00000064 00000004 00000001 00000000 00000002 00000004 00000000 00000000 00000000 00000000 00000000 00000000 
002 009000000000 00000000 00000000 00000000 00000000 00000064 00000004 00000001 00000000 00000002 00000004 00000000 00000000 00000000 00000000 00000000 00000000 
003 004000000000 00000000 00000000 00000000 00000000 00000064 00000004 00000001 00000000 00000002 00000000 00000000 00000000 00000000 00000000 00000000 00000000 
004 025179004000 00000000 00000004 00000000 00000000 00000000 00000004 00000001 00000000 00000002 00000000 00000000 00000000 00000000 00000000 00000000 00000000 
005 105510100000 00000000 00000100 00000000 00000000 00000000 00000000 00000001 00000000 00000002 00000000 00000000 00000000 00000000 00000000 00000000 00000000 
006 026198004000 00000000 00000004 00000000 00000000 00000000 00000001 00000001 00000000 00000002 00000000 00000000 00000000 00000000 00000000 00000000 00000000 
007 106610110000 00000000 00000110 00000000 00000000 00000000 00000001 00000002 00000000 00000002 00000000 00000000 00000000 00000000 00000000 00000000 00000000 
008 024564000000 00000000 00000000 00000000 00000000 00000000 00000001 00000003 00000000 00000002 00000000 00000000 00000000 00000000 00000000 00000000 00000000 
009 009910001000 00000000 00000001 00000000 00000000 00000003 00000001 00000003 00000000 00000002 00000000 00000000 00000000 00000000 00000000 00000000 00000000 
00A 0B0912004004 00000000 00000004 00000004 00000000 00000003 00000001 00000003 00000000 00000002 00000001 00000000 00000000 00000000 00000000 00000000 00000000 
004 025179004000 00000000 00000004 00000000 00000000 00000003 00000001 00000003 00000000 00000002 00000001 00000000 00000000 00000000 00000000 00000000 00000000 
005 105510100000 00000000 00000100 00000000 00000000 00000003 00000001 00000003 00000000 00000002 00000001 00000000 00000000 00000000 00000000 00000000 00000000 
006 026198004000 00000000 00000004 00000000 00000000 00000003 00000002 00000003 00000000 00000002 00000001 00000000 00000000 00000000 00000000 00000000 00000000 
007 106610110000 00000000 00000110 00000000 00000000 00000003 00000002 00000006 00000000 00000002 00000001 00000000 00000000 00000000 00000000 00000000 00000000 
008 024564000000 00000000 00000000 00000000 00000000 00000003 00000002 00000007 00000000 00000002 00000001 00000000 00000000 00000000 00000000 00000000 00000000 
009 009910001000 00000000 00000001 00000000 00000000 00000011 00000002 00000007 00000000 00000002 00000001 00000000 00000000 00000000 00000000 00000000 00000000 
00A 0B0912004004 00000000 00000004 00000004 00000000 00000011 00000002 00000007 00000000 00000002 00000002 00000000 00000000 00000000 00000000 00000000 00000000 
004 025179004000 00000000 00000004 00000000 00000000 00000011 00000002 00000007 00000000 00000002 00000002 00000000 00000000 00000000 00000000 00000000 00000000 
005 105510100000 00000000 00000100 00000000 00000000 00000011 00000002 00000007 00000000 00000002 00000002 00000000 00000000 00000000 00000000 00000000 00000000 
006 026198004000 00000000 00000004 00000000 00000000 00000011 00000003 00000007 00000000 00000002 00000002 00000000 00000000 00000000 00000000 00000000 00000000 
007 106610110000 00000000 00000110 00000000 00000000 00000011 00000003 0000000A 00000000 00000002 00000002 00000000 00000000 00000000 00000000 00000000 00000000 
008 024564000000 00000000 00000000 00000000 00000000 00000011 00000003 0000000B 00000000 00000002 00000002 00000000 00000000 00000000 00000000 00000000 00000000 
009 009910001000 00000000 00000001 00000000 00000000 00000032 00000003 0000000B 00000000 00000002 00000002 00000000 00000000 00000000 00000000 00000000 00000000 
00A 0B0912004004 00000000 00000004 00000004 00000000 00000032 00000003 0000000B 00000000 00000002 00000003 00000000 00000000 00000000 00000000 00000000 00000000 
004 025179004000 00000000 00000004 00000000 00000000 00000032 00000003 0000000B 00000000 00000002 00000003 00000000 00000000 00000000 00000000 00000000 00000000 
005 105510100000 00000000 00000100 00000000 00000000 00000032 00000003 0000000B 00000000 00000002 00000003 00000000 00000000 00000000 00000000 00000000 00000000 
006 026198004000 00000000 00000004 00000000 00000000 00000032 00000004 0000000B 00000000 00000002 00000003 00000000 00000000 00000000 00000000 00000000 00000000 
007 106610110000 00000000 00000110 00000000 00000000 00000032 00000004 0000000E 00000000 00000002 00000003 00000000 00000000 00000000 00000000 00000000 00000000 
008 024564000000 00000000 00000000 00000000 00000000 00000032 00000004 0000000F 00000000 00000002 00000003 00000000 00000000 00000000 00000000 00000000 00000000 
009 009910001000 00000000 00000001 00000000 00000000 0000006E 00000004 0000000F 00000000 00000002 00000003 00000000 00000000 00000000 00000000 00000000 00000000 
00A 0B0912004004 00000000 00000004 00000004 00000000 0000006E 00000004 0000000F 00000000 00000002 00000004 00000000 00000000 00000000 00000000 00000000 00000000 
00B 026178004000 00000000 00000004 00000000 00000000 0000006E 00000004 0000000F 00000000 00000002 00000004 00000000 00000000 00000000 00000000 00000000 00000000 
00C 114610120000 00000000 00000120 00000000 00000000 0000006E 00000004 00000002 00000000 00000002 00000004 00000000 00000000 00000000 00000000 00000000 00000000 
00D 008810001000 00000000 00000001 00000000 00000000 0000006E 00000004 00000002 00000000 00000002 00000004 00000000 00000000 00000000 00000000 00000000 00000000 
00E 0B0812004002 00000000 00000004 00000002 00000000 0000006E 00000004 00000002 00000000 00000003 00000004 00000000 00000000 00000000 00000000 00000000 00000000 
002 009000000000 00000000 00000000 00000000 00000000 0000006E 00000004 00000002 00000000 00000003 00000004 00000000 00000000 00000000 00000000 00000000 00000000 
003 004000000000 00000000 00000000 00000000 00000000 0000006E 00000004 00000002 00000000 00000003 00000000 00000000 00000000 00000000 00000000 00000000 00000000 
004 025179004000 00000000 00000004 00000000 00000000 00000000 00000004 00000002 00000000 00000003 00000000 00000000 00000000 00000000 00000000 00000000 00000000 
005 105510100000 00000000 00000100 00000000 00000000 00000000 00000000 00000002 00000000 00000003 00000000 00000000 00000000 00000000 00000000 00000000 00000000 
006 026198004000 00000000 00000004 00000000 00000000 00000000 00000001 00000002 00000000 00000003 00000000 00000000 00000000 00000000 00000000 00000000 00000000 
007 106610110000 00000000 00000110 00000000 00000000 00000000 00000001 00000003 00000000 00000003 00000000 00000000 00000000 00000000 00000000 00000000 00000000 
008 024564000000 00000000 00000000 00000000 00000000 00000000 00000001 00000004 00000000 00000003 00000000 00000000 00000000 00000000 00000000 00000000 00000000 
009 009910001000 00000000 00000001 00000000 00000000 00000004 00000001 00000004 00000000 00000003 00000000 00000000 00000000 00000000 00000000 00000000 00000000 
00A 0B0912004004 00000000 00000004 00000004 00000000 00000004 00000001 00000004 00000000 00000003 00000001 00000000 00000000 00000000 00000000 00000000 00000000 
004 025179004000 00000000 00000004 00000000 00000000 00000004 00000001 00000004 00000000 00000003 00000001 00000000 00000000 00000000 00000000 00000000 00000000 
005 105510100000 00000000 00000100 00000000 00000000 00000004 00000001 00000004 00000000 00000003 00000001 00000000 00000000 00000000 00000000 00000000 00000000 
006 026198004000 00000000 00000004 00000000 00000000 00000004 00000002 00000004 00000000 00000003 00000001 00000000 00000000 00000000 00000000 00000000 00000000 
007 106610110000 00000000 00000110 00000000 00000000 00000004 00000002 00000007 00000000 00000003 00000001 00000000 00000000 00000000 00000000 00000000 00000000 
008 024564000000 00000000 00000000 00000000 00000000 00000004 00000002 00000008 00000000 00000003 00000001 00000000 00000000 00000000 00000000 00000000 00000000 
009 009910001000 00000000 00000001 00000000 00000000 00000014 00000002 00000008 00000000 00000003 00000001 00000000 00000000 00000000 00000000 00000000 00000000 
00A 0B0912004004 00000000 00000004 00000004 00000000 00000014 00000002 00000008 00000000 00000003 00000002 00000000 00000000 00000000 00000000 00000000 00000000 
004 025179004000 00000000 00000004 00000000 00000000 00000014 00000002 00000008 00000000 00000003 00000002 00000000 00000000 00000000 00000000 00000000 00000000 
005 105510100000 00000000 00000100 00000000 00000000 00000014 00000002 00000008 00000000 00000003 00000002 00000000 00000000 00000000 00000000 00000000 00000000 
006 026198004000 00000000 00000004 00000000 00000000 00000014 00000003 00000008 00000000 00000003 00000002 00000000 00000000 00000000 00000000 00000000 00000000 
007 106610110000 00000000 00000110 00000000 00000000 00000014 00000003 0000000B 00000000 00000003 00000002 00000000 00000000 00000000 00000000 00000000 00000000 
008 024564000000 00000000 00000000 00000000 00000000 00000014 00000003 0000000C 00000000 00000003 00000002 00000000 00000000 00000000 00000000 00000000 00000000 
009 009910001000 00000000 00000001 00000000 00000000 00000038 00000003 0000000C 00000000 00000003 00000002 00000000 00000000 00000000 00000000 00000000 00000000 
00A 0B0912004004 00000000 00000004 00000004 00000000 00000038 00000003 0000000C 00000000 00000003 00000003 00000000 00000000 00000000 00000000 00000000 00000000 
004 025179004000 00000000 00000004 00000000 00000000 00000038 00000003 0000000C 00000000 00000003 00000003 00000000 00000000 00000000 00000000 00000000 00000000 
005 105510100000 00000000 00000100 00000000 00000000 00000038 00000003 0000000C 00000000 00000003 00000003 00000000 00000000 00000000 00000000 00000000 00000000 
006 026198004000 00000000 00000004 00000000 00000000 00000038 00000004 0000000C 00000000 00000003 00000003 00000000 00000000 00000000 00000000 00000000 00000000 
007 106610110000 00000000 00000110 00000000 00000000 00000038 00000004 0000000F 00000000 00000003 00000003 00000000 00000000 00000000 00000000 00000000 00000000 
008 024564000000 00000000 00000000 00000000 00000000 00000038 00000004 00000010 00000000 00000003 00000003 00000000 00000000 00000000 00000000 00000000 00000000 
009 009910001000 00000000 00000001 00000000 00000000 00000078 00000004 00000010 00000000 00000003 00000003 00000000 00000000 00000000 00000000 00000000 00000000 
00A 0B0912004004 00000000 00000004 00000004 00000000 00000078 00000004 00000010 00000000 00000003 00000004 00000000 00000000 00000000 00000000 00000000 00000000 
00B 026178004000 00000000 00000004 00000000 00000000 00000078 00000004 00000010 00000000 00000003 00000004 00000000 00000000 00000000 00000000 00000000 00000000 
00C 114610120000 00000000 00000120 00000000 00000000 00000078 00000004 00000003 00000000 00000003 00000004 00000000 00000000 00000000 00000000 00000000 00000000 
00D 008810001000 00000000 00000001 00000000 00000000 00000078 00000004 00000003 00000000 00000003 00000004 00000000 00000000 00000000 00000000 00000000 00000000 
00E 0B0812004002 00000000 00000004 00000002 00000000 00000078 00000004 00000003 00000000 00000004 00000004 00000000 00000000 00000000 00000000 00000000 00000000 
00F 007710001000 00000000 00000001 00000000 00000000 00000078 00000004 00000003 00000000 00000004 00000004 00000000 00000000 00000000 00000000 00000000 00000000 
010 0B0712004001 00000000 00000004 00000001 00000000 00000078 00000004 00000003 00000001 00000004 00000004 00000000 00000000 00000000 00000000 00000000 00000000 
001 008000000000 00000000 00000000 00000000 00000000 00000078 00000004 00000003 00000001 00000004 00000004 00000000 00000000 00000000 00000000 00000000 00000000 
002 009000000000 00000000 00000000 00000000 00000000 00000078 00000004 00000003 00000001 00000000 00000004 00000000 00000000 00000000 00000000 00000000 00000000 
003 004000000000 00000000 00000000 00000000 00000000 00000078 00000004 00000003 00000001 00000000 00000000 00000000 00000000 00000000 00000000 00000000 00000000 
004 025179004000 00000000 00000004 00000000 00000000 00000000 00000004 00000003 00000001 00000000 00000000 00000000 00000000 00000000 00000000 00000000 00000000 
005 105510100000 00000000 00000100 00000000 00000000 00000000 00000004 00000003 00000001 00000000 00000000 00000000 00000000 00000000 00000000 00000000 00000000 
006 026198004000 00000000 00000004 00000000 00000000 00000000 00000005 00000003 00000001 00000000 00000000 00000000 00000000 00000000 00000000 00000000 00000000 
007 106610110000 00000000 00000110 00000000 00000000 00000000 00000005 00000000 00000001 00000000 00000000 00000000 00000000 00000000 00000000 00000000 00000000 
008 024564000000 00000000 00000000 00000000 00000000 00000000 00000005 00000001 00000001 00000000 00000000 00000000 00000000 00000000 00000000 00000000 00000000 
009 009910001000 00000000 00000001 00000000 00000000 00000005 00000005 00000001 00000001 00000000 00000000 00000000 00000000 00000000 00000000 00000000 00000000 
00A 0B0912004004 00000000 00000004 00000004 00000000 00000005 00000005 00000001 00000001 00000000 00000001 00000000 00000000 00000000 00000000 00000000 00000000 
004 025179004000 00000000 00000004 00000000 00000000 00000005 00000005 00000001 00000001 00000000 00000001 00000000 00000000 00000000 00000000 00000000 00000000 
005 105510100000 00000000 00000100 00000000 00000000 00000005 00000005 00000001 00000001 00000000 00000001 00000000 00000000 00000000 00000000 00000000 00000000 
006 026198004000 00000000 00000004 00000000 00000000 00000005 00000006 00000001 00000001 00000000 00000001 00000000 00000000 00000000 00000000 00000000 00000000 
007 106610110000 00000000 00000110 00000000 00000000 00000005 00000006 00000004 00000001 00000000 00000001 00000000 00000000 00000000 00000000 00000000 00000000 
008 024564000000 00000000 00000000 00000000 00000000 00000005 00000006 00000005 00000001 00000000 00000001 00000000 00000000 00000000 00000000 00000000 00000000 
009 009910001000 00000000 00000001 00000000 00000000 00000023 00000006 00000005 00000001 00000000 00000001 00000000 00000000 00000000 00000000 00000000 00000000 
00A 0B0912004004 00000000 00000004 00000004 00000000 00000023 00000006 00000005 00000001 00000000 00000002 00000000 00000000 00000000 00000000 00000000 00000000 
004 025179004000 00000000 00000004 00000000 00000000 00000023 00000006 00000005 00000001 00000000 00000002 00000000 00000000 00000000 00000000 00000000 00000000 
005 105510100000 00000000 00000100 00000000 00000000 00000023 00000006 00000005 00000001 00000000 00000002 00000000 00000000 00000000 00000000 00000000 00000000 
006 026198004000 00000000 00000004 00000000 00000000 00000023 00000007 00000005 00000001 00000000 00000002 00000000 00000000 00000000 00000000 00000000 00000000 
007 106610110000 00000000 00000110 00000000 00000000 00000023 00000007 00000008 00000001 00000000 00000002 00000000 00000000 00000000 00000000 00000000 00000000 
008 024564000000 00000000 00000000 00000000 00000000 00000023 00000007 00000009 00000001 00000000 00000002 00000000 00000000 00000000 00000000 00000000 00000000 
009 009910001000 00000000 00000001 00000000 00000000 00000062 00000007 00000009 00000001 00000000 00000002 00000000 00000000 00000000 00000000 00000000 00000000 
00A 0B0912004004 00000000 00000004 00000004 00000000 00000062 00000007 00000009 00000001 00000000 00000003 00000000 00000000 00000000 00000000 00000000 00000000 
004 025179004000 00000000 00000004 00000000 00000000 00000062 00000007 00000009 00000001 00000000 00000003 00000000 00000000 00000000 00000000 00000000 00000000 
005 105510100000 00000000 00000100 00000000 00000000 00000062 00000007 00000009 00000001 00000000 00000003 00000000 00000000 00000000 00000000 00000000 00000000 
006 026198004000 00000000 00000004 00000000 00000000 00000062 00000008 00000009 00000001 00000000 00000003 00000000 00000000 00000000 00000000 00000000 00000000 
007 106610110000 00000000 00000110 00000000 00000000 00000062 00000008 0000000C 00000001 00000000 00000003 00000000 00000000 00000000 00000000 00000000 00000000 
008 024564000000 00000000 00000000 00000000 00000000 00000062 00000008 0000000D 00000001 00000000 00000003 00000000 00000000 00000000 00000000 00000000 00000000 
009 009910001000 00000000 00000001 00000000 00000000 000000CA 00000008 0000000D 00000001 00000000 00000003 00000000 00000000 00000000 00000000 00000000 00000000 
00A 0B0912004004 00000000 00000004 00000004 00000000 000000CA 00000008 0000000D 00000001 00000000 00000004 00000000 00000000 00000000 00000000 00000000 00000000 
00B 026178004000 00000000 00000004 00000000 00000000 000000CA 00000008 0000000D 00000001 00000000 00000004 00000000 00000000 00000000 00000000 00000000 00000000 
00C 114610120000 00000000 00000120 00000000 00000000 000000CA 00000008 00000004 00000001 00000000 00000004 00000000 00000000 00000000 00000000 00000000 00000000 
00D 008810001000 00000000 00000001 00000000 00000000 000000CA 00000008 00000004 00000001 00000000 00000004 00000000 00000000 00000000 00000000 00000000 00000000 
00E 0B0812004002 00000000 00000004 00000002 00000000 000000CA 00000008 00000004 00000001 00000001 00000004 00000000 00000000 00000000 00000000 00000000 00000000 
002 009000000000 00000000 00000000 00000000 00000000 000000CA 00000008 00000004 00000001 00000001 00000004 00000000 00000000 00000000 00000000 00000000 00000000 
003 004000000000 00000000 00000000 00000000 00000000 000000CA 00000008 00000004 00000001 00000001 00000000 00000000 00000000 00000000 00000000 00000000 00000000 
004 025179004000 00000000 00000004 00000000 00000000 00000000 00000008 00000004 00000001 00000001 00000000 00000000 00000000 00000000 00000000 00000000 00000000 
005 105510100000 00000000 00000100 00000000 00000000 00000000 00000004 00000004 00000001 00000001 00000000 00000000 00000000 00000000 00000000 00000000 00000000 
006 026198004000 00000000 00000004 00000000 00000000 00000000 00000005 00000004 00000001 00000001 00000000 00000000 00000000 00000000 00000000 00000000 00000000 
007 106610110000 00000000 00000110 00000000 00000000 00000000 00000005 00000001 00000001 00000001 00000000 00000000 00000000 00000000 00000000 00000000 00000000 
008 024564000000 00000000 00000000 00000000 00000000 00000000 00000005 00000002 00000001 00000001 00000000 00000000 00000000 00000000 00000000 00000000 00000000 
009 009910001000 00000000 00000001 00000000 00000000 0000000A 00000005 00000002 00000001 00000001 00000000 00000000 00000000 00000000 00000000 00000000 00000000 
00A 0B0912004004 00000000 00000004 00000004 00000000 0000000A 00000005 00000002 00000001 00000001 00000001 00000000 00000000 00000000 00000000 00000000 00000000 
004 025179004000 00000000 00000004 00000000 00000000 0000000A 00000005 00000002 00000001 00000001 00000001 00000000 00000000 00000000 00000000 00000000 00000000 
005 105510100000 00000000 00000100 00000000 00000000 0000000A 00000005 00000002 00000001 00000001 00000001 00000000 00000000 00000000 00000000 00000000 00000000 
006 026198004000 00000000 00000004 00000000 00000000 0000000A 00000006 00000002 00000001 00000001 00000001 00000000 00000000 00000000 00000000 00000000 00000000 
007 106610110000 00000000 00000110 00000000 00000000 0000000A 00000006 00000005 00000001 00000001 00000001 00000000 00000000 00000000 00000000 00000000 00000000 
008 024564000000 00000000 00000000 00000000 00000000 0000000A 00000006 00000006 00000001 00000001 00000001 00000000 00000000 00000000 00000000 00000000 00000000 
009 009910001000 00000000 00000001 00000000 00000000 0000002E 00000006 00000006 00000001 00000001 00000001 00000000 00000000 00000000 00000000 00000000 00000000 
00A 0B0912004004 00000000 00000004 00000004 00000000 0000002E 00000006 00000006 00000001 00000001 00000002 00000000 00000000 00000000 00000000 00000000 00000000 
004 025179004000 00000000 00000004 00000000 00000000 0000002E 00000006 00000006 00000001 00000001 00000002 00000000 00000000 00000000 00000000 00000000 00000000 
005 105510100000 00000000 00000100 00000000 00000000 0000002E 00000006 00000006 00000001 00000001 00000002 00000000 00000000 00000000 00000000 00000000 00000000 
006 026198004000 00000000 00000004 00000000 00000000 0000002E 00000007 00000006 00000001 00000001 00000002 00000000 00000000 00000000 00000000 00000000 00000000 
007 106610110000 00000000 00000110 00000000 00000000 0000002E 00000007 00000009 00000001 00000001 00000002 00000000 00000000 00000000 00000000 00000000 00000000 
008 024564000000 00000000 00000000 00000000 00000000 0000002E 00000007 0000000A 00000001 00000001 00000002 00000000 00000000 00000000 00000000 00000000 00000000 
009 009910001000 00000000 00000001 00000000 00000000 00000074 00000007 0000000A 00000001 00000001 00000002 00000000 00000000 00000000 00000000 00000000 00000000 
00A 0B0912004004 00000000 00000004 00000004 00000000 00000074 00000007 0000000A 00000001 00000001 00000003 00000000 00000000 00000000 00000000 00000000 00000000 
004 025179004000 00000000 00000004 00000000 00000000 00000074 00000007 0000000A 00000001 00000001 00000003 00000000 00000000 00000000 00000000 00000000 00000000 
005 105510100000 00000000 00000100 00000000 00000000 00000074 00000007 0000000A 00000001 00000001 00000003 00000000 00000000 00000000 00000000 00000000 00000000 
006 026198004000 00000000 00000004 00000000 00000000 00000074 00000008 0000000A 00000001 00000001 00000003 00000000 00000000 00000000 00000000 00000000 00000000 
007 106610110000 00000000 00000110 00000000 00000000 00000074 00000008 0000000D 00000001 00000001 00000003 00000000 00000000 00000000 00000000 00000000 00000000 
008 024564000000 00000000 00000000 00000000 00000000 00000074 00000008 0000000E 00000001 00000001 00000003 00000000 00000000 00000000 00000000 00000000 00000000 
009 009910001000 00000000 00000001 00000000 00000000 000000E4 00000008 0000000E 00000001 00000001 00000003 00000000 00000000 00000000 00000000 00000000 00000000 
00A 0B0912004004 00000000 00000004 00000004 00000000 000000E4 00000008 0000000E 00000001 00000001 00000004 00000000 00000000 00000000 00000000 00000000 00000000 
00B 026178004000 00000000 00000004 00000000 00000000 000000E4 00000008 0000000E 00000001 00000001 00000004 00000000 00000000 00000000 00000000 00000000 00000000 
00C 114610120000 00000000 00000120 00000000 00000000 000000E4 00000008 00000005 00000001 00000001 00000004 00000000 00000000 00000000 00000000 00000000 00000000 
00D 008810001000 00000000 00000001 00000000 00000000 000000E4 00000008 00000005 00000001 00000001 00000004 00000000 00000000 00000000 00000000 00000000 00000000 
00E 0B0812004002 00000000 00000004 00000002 00000000 000000E4 00000008 00000005 00000001 00000002 00000004 00000000 00000000 00000000 00000000 00000000 00000000 
002 009000000000 00000000 00000000 00000000 00000000 000000E4 00000008 00000005 00000001 00000002 00000004 00000000 00000000 00000000 00000000 00000000 00000000 
003 004000000000 00000000 00000000 00000000 00000000 000000E4 00000008 00000005 00000001 00000002 00000000 00000000 00000000 00000000 00000000 00000000 00000000 
004 025179004000 00000000 00000004 00000000 00000000 00000000 00000008 00000005 00000001 00000002 00000000 00000000 00000000 00000000 00000000 00000000 00000000 
005 105510100000 00000000 00000100 00000000 00000000 00000000 00000004 00000005 00000001 00000002 00000000 00000000 00000000 00000000 00000000 00000000 00000000 
006 026198004000 00000000 00000004 00000000 00000000 00000000 00000005 00000005 00000001 00000002 00000000 00000000 00000000 00000000 00000000 00000000 00000000 
007 106610110000 00000000 00000110 00000000 00000000 00000000 00000005 00000002 00000001 00000002 00000000 00000000 00000000 00000000 00000000 00000000 00000000 
008 024564000000 00000000 00000000 00000000 00000000 00000000 00000005 00000003 00000001 00000002 00000000 00000000 00000000 00000000 00000000 00000000 00000000 
009 009910001000 00000000 00000001 00000000 00000000 0000000F 00000005 00000003 00000001 00000002 00000000 00000000 00000000 00000000 00000000 00000000 00000000 
00A 0B0912004004 00000000 00000004 00000004 00000000 0000000F 00000005 00000003 00000001 00000002 00000001 00000000 00000000 00000000 00000000 00000000 00000000 
004 025179004000 00000000 00000004 00000000 00000000 0000000F 00000005 00000003 00000001 00000002 00000001 00000000 00000000 00000000 00000000 00000000 00000000 
005 105510100000 00000000 00000100 00000000 00000000 0000000F 00000005 00000003 00000001 00000002 00000001 00000000 00000000 00000000 00000000 00000000 00000000 
006 026198004000 00000000 00000004 00000000 00000000 0000000F 00000006 00000003 00000001 00000002 00000001 00000000 00000000 00000000 00000000 00000000 00000000 
007 106610110000 00000000 00000110 00000000 00000000 0000000F 00000006 00000006 00000001 00000002 00000001 00000000 00000000 00000000 00000000 00000000 00000000 
008 024564000000 00000000 00000000 00000000 00000000 0000000F 00000006 00000007 00000001 00000002 00000001 00000000 00000000 00000000 00000000 00000000 00000000 
009 009910001000 00000000 00000001 00000000 00000000 00000039 00000006 00000007 00000001 00000002 00000001 00000000 00000000 00000000 00000000 00000000 00000000 
00A 0B0912004004 00000000 00000004 00000004 00000000 00000039 00000006 00000007 00000001 00000002 00000002 00000000 00000000 00000000 00000000 00000000 00000000 
004 025179004000 00000000 00000004 00000000 00000000 00000039 00000006 00000007 00000001 00000002 00000002 00000000 00000000 00000000 00000000 00000000 00000000 
005 105510100000 00000000 00000100 00000000 00000000 00000039 00000006 00000007 00000001 00000002 00000002 00000000 00000000 00000000 00000000 00000000 00000000 
006 026198004000 00000000 00000004 00000000 00000000 00000039 00000007 00000007 00000001 00000002 00000002 00000000 00000000 00000000 00000000 00000000 00000000 
007 106610110000 00000000 00000110 00000000 00000000 00000039 00000007 0000000A 00000001 00000002 00000002 00000000 00000000 00000000 00000000 00000000 00000000 
008 024564000000 00000000 00000000 00000000 00000000 00000039 00000007 0000000B 00000001 00000002 00000002 00000000 00000000 00000000 00000000 00000000 00000000 
009 009910001000 00000000 00000001 00000000 00000000 00000086 00000007 0000000B 00000001 00000002 00000002 00000000 00000000 00000000 00000000 00000000 00000000 
00A 0B0912004004 00000000 00000004 00000004 00000000 00000086 00000007 0000000B 00000001 00000002 00000003 00000000 00000000 00000000 00000000 00000000 00000000 
004 025179004000 00000000 00000004 00000000 00000000 00000086 00000007 0000000B 00000001 00000002 00000003 00000000 00000000 00000000 00000000 00000000 00000000 
005 105510100000 00000000 00000100 00000000 00000000 00000086 00000007 0000000B 00000001 00000002 00000003 00000000 00000000 00000000 00000000 00000000 00000000 
006 026198004000 00000000 00000004 00000000 00000000 00000086 00000008 0000000B 00000001 00000002 00000003 00000000 00000000 00000000 00000000 00000000 00000000 
007 106610110000 00000000 00000110 00000000 00000000 00000086 00000008 0000000E 00000001 00000002 00000003 00000000 00000000 00000000 00000000 00000000 00000000 
008 024564000000 00000000 00000000 00000000 00000000 00000086 00000008 0000000F 00000001 00000002 00000003 00000000 00000000 00000000 00000000 00000000 00000000 
009 009910001000 00000000 00000001 00000000 00000000 000000FE 00000008 0000000F 00000001 00000002 00000003 00000000 00000000 00000000 00000000 00000000 00000000 
00A 0B0912004004 00000000 00000004 00000004 00000000 000000FE 00000008 0000000F 00000001 00000002 00000004 00000000 00000000 00000000 00000000 00000000 00000000 
00B 026178004000 00000000 00000004 00000000 00000000 000000FE 00000008 0000000F 00000001 00000002 00000004 00000000 00000000 00000000 00000000 00000000 00000000 
00C 114610120000 00000000 00000120 00000000 00000000 000000FE 00000008 00000006 00000001 00000002 00000004 00000000 00000000 00000000 00000000 00000000 00000000 
00D 008810001000 00000000 00000001 00000000 00000000 000000FE 00000008 00000006 00000001 00000002 00000004 00000000 00000000 00000000 00000000 00000000 00000000 
00E 0B0812004002 00000000 00000004 00000002 00000000 000000FE 00000008 00000006 00000001 00000003 00000004 00000000 00000000 00000000 00000000 00000000 00000000 
002 009000000000 00000000 00000000 00000000 00000000 000000FE 00000008 00000006 00000001 00000003 00000004 00000000 00000000 00000000 00000000 00000000 00000000 
003 004000000000 00000000 00000000 00000000 00000000 000000FE 00000008 00000006 00000001 00000003 00000000 00000000 00000000 00000000 00000000 00000000 00000000 
004 025179004000 00000000 00000004 00000000 00000000 00000000 00000008 00000006 00000001 00000003 00000000 00000000 00000000 00000000 00000000 00000000 00000000 
005 105510100000 00000000 00000100 00000000 00000000 00000000 00000004 00000006 00000001 00000003 00000000 00000000 00000000 00000000 00000000 00000000 00000000 
006 026198004000 00000000 00000004 00000000 00000000 00000000 00000005 00000006 00000001 00000003 00000000 00000000 00000000 00000000 00000000 00000000 00000000 
007 106610110000 00000000 00000110 00000000 00000000 00000000 00000005 00000003 00000001 00000003 00000000 00000000 00000000 00000000 00000000 00000000 00000000 
008 024564000000 00000000 00000000 00000000 00000000 00000000 00000005 00000004 00000001 00000003 00000000 00000000 00000000 00000000 00000000 00000000 00000000 
009 009910001000 00000000 00000001 00000000 00000000 00000014 00000005 00000004 00000001 00000003 00000000 00000000 00000000 00000000 00000000 00000000 00000000 
00A 0B0912004004 00000000 00000004 00000004 00000000 00000014 00000005 00000004 00000001 00000003 00000001 00000000 00000000 00000000 00000000 00000000 00000000 
004 025179004000 00000000 00000004 00000000 00000000 00000014 00000005 00000004 00000001 00000003 00000001 00000000 00000000 00000000 00000000 00000000 00000000 
005 105510100000 00000000 00000100 00000000 00000000 00000014 00000005 00000004 00000001 00000003 00000001 00000000 00000000 00000000 00000000 00000000 00000000 
006 026198004000 00000000 00000004 00000000 00000000 00000014 00000006 00000004 00000001 00000003 00000001 00000000 00000000 00000000 00000000 00000000 00000000 
007 106610110000 00000000 00000110 00000000 00000000 00000014 00000006 00000007 00000001 00000003 00000001 00000000 00000000 00000000 00000000 00000000 00000000 
008 024564000000 00000000 00000000 00000000 00000000 00000014 00000006 00000008 00000001 00000003 00000001 00000000 00000000 00000000 00000000 00000000 00000000 
009 009910001000 00000000 00000001 00000000 00000000 00000044 00000006 00000008 00000001 00000003 00000001 00000000 00000000 00000000 00000000 00000000 00000000 
00A 0B0912004004 00000000 00000004 00000004 00000000 00000044 00000006 00000008 00000001 00000003 00000002 00000000 00000000 00000000 00000000 00000000 00000000 
004 025179004000 00000000 00000004 00000000 00000000 00000044 00000006 00000008 00000001 00000003 00000002 00000000 00000000 00000000 00000000 00000000 00000000 
005 105510100000 00000000 00000100 00000000 00000000 00000044 00000006 00000008 00000001 00000003 00000002 00000000 00000000 00000000 00000000 00000000 00000000 
006 026198004000 00000000 00000004 00000000 00000000 00000044 00000007 00000008 00000001 00000003 00000002 00000000 00000000 00000000 00000000 00000000 00000000 
007 106610110000 00000000 00000110 00000000 00000000 00000044 00000007 0000000B 00000001 00000003 00000002 00000000 00000000 00000000 00000000 00000000 00000000 
008 024564000000 00000000 00000000 00000000 00000000 00000044 00000007 0000000C 00000001 00000003 00000002 00000000 00000000 00000000 00000000 00000000 00000000 
009 009910001000 00000000 00000001 00000000 00000000 00000098 00000007 0000000C 00000001 00000003 00000002 00000000 00000000 00000000 00000000 00000000 00000000 
00A 0B0912004004 00000000 00000004 00000004 00000000 00000098 00000007 0000000C 00000001 00000003 00000003 00000000 00000000 00000000 00000000 00000000 00000000 
004 025179004000 00000000 00000004 00000000 00000000 00000098 00000007 0000000C 00000001 00000003 00000003 00000000 00000000 00000000 00000000 00000000 00000000 
005 105510100000 00000000 00000100 00000000 00000000 00000098 00000007 0000000C 00000001 00000003 00000003 00000000 00000000 00000000 00000000 00000000 00000000 
006 026198004000 00000000 00000004 00000000 00000000 00000098 00000008 0000000C 00000001 00000003 00000003 00000000 00000000 00000000 00000000 00000000 00000000 
007 106610110000 00000000 00000110 00000000 00000000 00000098 00000008 0000000F 00000001 00000003 00000003 00000000 00000000 00000000 00000000 00000000 00000000 
008 024564000000 00000000 00000000 00000000 00000000 00000098 00000008 00000010 00000001 00000003 00000003 00000000 00000000 00000000 00000000 00000000 00000000 
009 009910001000 00000000 00000001 00000000 00000000 00000118 00000008 00000010 00000001 00000003 00000003 00000000 00000000 00000000 00000000 00000000 00000000 
00A 0B0912004004 00000000 00000004 00000004 00000000 00000118 00000008 00000010 00000001 00000003 00000004 00000000 00000000 00000000 00000000 00000000 00000000 
00B 026178004000 00000000 00000004 00000000 00000000 00000118 00000008 00000010 00000001 00000003 00000004 00000000 00000000 00000000 00000000 00000000 00000000 
00C 114610120000 00000000 00000120 00000000 00000000 00000118 00000008 00000007 00000001 00000003 00000004 00000000 00000000 00000000 00000000 00000000 00000000 
00D 008810001000 00000000 00000001 00000000 00000000 00000118 00000008 00000007 00000001 00000003 00000004 00000000 00000000 00000000 00000000 00000000 00000000 
00E 0B0812004002 00000000 00000004 00000002 00000000 00000118 00000008 00000007 00000001 00000004 00000004 00000000 00000000 00000000 00000000 00000000 00000000 
00F 007710001000 00000000 00000001 00000000 00000000 00000118 00000008 00000007 00000001 00000004 00000004 00000000 00000000 00000000 00000000 00000000 00000000 
010 0B0712004001 00000000 00000004 00000001 00000000 00000118 00000008 00000007 00000002 00000004 00000004 00000000 00000000 00000000 00000000 00000000 00000000 
001 008000000000 00000000 00000000 00000000 00000000 00000118 00000008 00000007 00000002 00000004 00000004 00000000 00000000 00000000 00000000 00000000 00000000 
002 009000000000 00000000 00000000 00000000 00000000 00000118 00000008 00000007 00000002 00000000 00000004 00000000 00000000 00000000 00000000 00000000 00000000 
003 004000000000 00000000 00000000 00000000 00000000 00000118 00000008 00000007 00000002 00000000 00000000 00000000 00000000 00000000 00000000 00000000 00000000 
004 025179004000 00000000 00000004 00000000 00000000 00000000 00000008 00000007 00000002 00000000 00000000 00000000 00000000 00000000 00000000 00000000 00000000 
005 105510100000 00000000 00000100 00000000 00000000 00000000 00000008 00000007 00000002 00000000 00000000 00000000 00000000 00000000 00000000 00000000 00000000 
006 026198004000 00000000 00000004 00000000 00000000 00000000 00000009 00000007 00000002 00000000 00000000 00000000 00000000 00000000 00000000 00000000 00000000 
007 106610110000 00000000 00000110 00000000 00000000 00000000 00000009 00000000 00000002 00000000 00000000 00000000 00000000 00000000 00000000 00000000 00000000 
008 024564000000 00000000 00000000 00000000 00000000 00000000 00000009 00000001 00000002 00000000 00000000 00000000 00000000 00000000 00000000 00000000 00000000 
009 009910001000 00000000 00000001 00000000 00000000 00000009 00000009 00000001 00000002 00000000 00000000 00000000 00000000 00000000 00000000 00000000 00000000 
00A 0B0912004004 00000000 00000004 00000004 00000000 00000009 00000009 00000001 00000002 00000000 00000001 00000000 00000000 00000000 00000000 00000000 00000000 
004 025179004000 00000000 00000004 00000000 00000000 00000009 00000009 00000001 00000002 00000000 00000001 00000000 00000000 00000000 00000000 00000000 00000000 
005 105510100000 00000000 00000100 00000000 00000000 00000009 00000009 00000001 00000002 00000000 00000001 00000000 00000000 00000000 00000000 00000000 00000000 
006 026198004000 00000000 00000004 00000000 00000000 00000009 0000000A 00000001 00000002 00000000 00000001 00000000 00000000 00000000 00000000 00000000 00000000 
007 106610110000 00000000 00000110 00000000 00000000 00000009 0000000A 00000004 00000002 00000000 00000001 00000000 00000000 00000000 00000000 00000000 00000000 
008 024564000000 00000000 00000000 00000000 00000000 00000009 0000000A 00000005 00000002 00000000 00000001 00000000 00000000 00000000 00000000 00000000 00000000 
009 009910001000 00000000 00000001 00000000 00000000 0000003B 0000000A 00000005 00000002 00000000 00000001 00000000 00000000 00000000 00000000 00000000 00000000 
00A 0B0912004004 00000000 00000004 00000004 00000000 0000003B 0000000A 00000005 00000002 00000000 00000002 00000000 00000000 00000000 00000000 00000000 00000000 
004 025179004000 00000000 00000004 00000000 00000000 0000003B 0000000A 00000005 00000002 00000000 00000002 00000000 00000000 00000000 00000000 00000000 00000000 
005 105510100000 00000000 00000100 00000000 00000000 0000003B 0000000A 00000005 00000002 00000000 00000002 00000000 00000000 00000000 00000000 00000000 00000000 
006 026198004000 00000000 00000004 00000000 00000000 0000003B 0000000B 00000005 00000002 00000000 00000002 00000000 00000000 00000000 00000000 00000000 00000000 
007 106610110000 00000000 00000110 00000000 00000000 0000003B 0000000B 00000008 00000002 00000000 00000002 00000000 00000000 00000000 00000000 00000000 00000000 
008 024564000000 00000000 00000000 00000000 00000000 0000003B 0000000B 00000009 00000002 00000000 00000002 00000000 00000000 00000000 00000000 00000000 00000000 
009 009910001000 00000000 00000001 00000000 00000000 0000009E 0000000B 00000009 00000002 00000000 00000002 00000000 00000000 00000000 00000000 00000000 00000000 
00A 0B0912004004 00000000 00000004 00000004 00000000 0000009E 0000000B 00000009 00000002 00000000 00000003 00000000 00000000 00000000 00000000 00000000 00000000 
004 025179004000 00000000 00000004 00000000 00000000 0000009E 0000000B 00000009 00000002 00000000 00000003 00000000 00000000 00000000 00000000 00000000 00000000 
005 105510100000 00000000 00000100 00000000 00000000 0000009E 0000000B 00000009 00000002 00000000 00000003 00000000 00000000 00000000 00000000 00000000 00000000 
006 026198004000 00000000 00000004 00000000 00000000 0000009E 0000000C 00000009 00000002 00000000 00000003 00000000 00000000 00000000 00000000 00000000 00000000 
007 106610110000 00000000 00000110 00000000 00000000 0000009E 0000000C 0000000C 00000002 00000000 00000003 00000000 00000000 00000000 00000000 00000000 00000000 
008 024564000000 00000000 00000000 00000000 00000000 0000009E 0000000C 0000000D 00000002 00000000 00000003 00000000 00000000 00000000 00000000 00000000 00000000 
009 009910001000 00000000 00000001 00000000 00000000 0000013A 0000000C 0000000D 00000002 00000000 00000003 00000000 00000000 00000000 00000000 00000000 00000000 
00A 0B0912004004 00000000 00000004 00000004 00000000 0000013A 0000000C 0000000D 00000002 00000000 00000004 00000000 00000000 00000000 00000000 00000000 00000000 
00B 026178004000 00000000 00000004 00000000 00000000 0000013A 0000000C 0000000D 00000002 00000000 00000004 00000000 00000000 00000000 00000000 00000000 00000000 
00C 114610120000 00000000 00000120 00000000 00000000 0000013A 0000000C 00000008 00000002 00000000 00000004 00000000 00000000 00000000 00000000 00000000 00000000 
00D 008810001000 00000000 00000001 00000000 00000000 0000013A 0000000C 00000008 00000002 00000000 00000004 00000000 00000000 00000000 00000000 00000000 00000000 
00E 0B0812004002 00000000 00000004 00000002 00000000 0000013A 0000000C 00000008 00000002 00000001 00000004 00000000 00000000 00000000 00000000 00000000 00000000 
002 009000000000 00000000 00000000 00000000 00000000 0000013A 0000000C 00000008 00000002 00000001 00000004 00000000 00000000 00000000 00000000 00000000 00000000 
003 004000000000 00000000 00000000 00000000 00000000 0000013A 0000000C 00000008 00000002 00000001 00000000 00000000 00000000 00000000 00000000 00000000 00000000 
004 025179004000 00000000 00000004 00000000 00000000 00000000 0000000C 00000008 00000002 00000001 00000000 00000000 00000000 00000000 00000000 00000000 00000000 
005 105510100000 00000000 00000100 00000000 00000000 00000000 00000008 00000008 00000002 00000001 00000000 00000000 00000000 00000000 00000000 00000000 00000000 
006 026198004000 00000000 00000004 00000000 00000000 00000000 00000009 00000008 00000002 00000001 00000000 00000000 00000000 00000000 00000000 00000000 00000000 
007 106610110000 00000000 00000110 00000000 00000000 00000000 00000009 00000001 00000002 00000001 00000000 00000000 00000000 00000000 00000000 00000000 00000000 
008 024564000000 00000000 00000000 00000000 00000000 00000000 00000009 00000002 00000002 00000001 00000000 00000000 00000000 00000000 00000000 00000000 00000000 
009 009910001000 00000000 00000001 00000000 00000000 00000012 00000009 00000002 00000002 00000001 00000000 00000000 00000000 00000000 00000000 00000000 00000000 
00A 0B0912004004 00000000 00000004 00000004 00000000 00000012 00000009 00000002 00000002 00000001 00000001 00000000 00000000 00000000 00000000 00000000 00000000 
004 025179004000 00000000 00000004 00000000 00000000 00000012 00000009 00000002 00000002 00000001 00000001 00000000 00000000 00000000 00000000 00000000 00000000 
005 105510100000 00000000 00000100 00000000 00000000 00000012 00000009 00000002 00000002 00000001 00000001 00000000 00000000 00000000 00000000 00000000 00000000 
006 026198004000 00000000 00000004 00000000 00000000 00000012 0000000A 00000002 00000002 00000001 00000001 00000000 00000000 00000000 00000000 00000000 00000000 
007 106610110000 00000000 00000110 00000000 00000000 00000012 0000000A 00000005 00000002 00000001 00000001 00000000 00000000 00000000 00000000 00000000 00000000 
008 024564000000 00000000 00000000 00000000 00000000 00000012 0000000A 00000006 00000002 00000001 00000001 00000000 00000000 00000000 00000000 00000000 00000000 
009 009910001000 00000000 00000001 00000000 00000000 0000004E 0000000A 00000006 00000002 00000001 00000001 00000000 00000000 00000000 00000000 00000000 00000000 
00A 0B0912004004 00000000 00000004 00000004 00000000 0000004E 0000000A 00000006 00000002 00000001 00000002 00000000 00000000 00000000 00000000 00000000 00000000 
004 025179004000 00000000 00000004 00000000 00000000 0000004E 0000000A 00000006 00000002 00000001 00000002 00000000 00000000 00000000 00000000 00000000 00000000 
005 105510100000 00000000 00000100 00000000 00000000 0000004E 0000000A 00000006 00000002 00000001 00000002 00000000 00000000 00000000 00000000 00000000 00000000 
006 026198004000 00000000 00000004 00000000 00000000 0000004E 0000000B 00000006 00000002 00000001 00000002 00000000 00000000 00000000 00000000 00000000 00000000 
007 106610110000 00000000 00000110 00000000 00000000 0000004E 0000000B 00000009 00000002 00000001 00000002 00000000 00000000 00000000 00000000 00000000 00000000 
008 024564000000 00000000 00000000 00000000 00000000 0000004E 0000000B 0000000A 00000002 00000001 00000002 00000000 00000000 00000000 00000000 00000000 00000000 
009 009910001000 00000000 00000001 00000000 00000000 000000BC 0000000B 0000000A 00000002 00000001 00000002 00000000 00000000 00000000 00000000 00000000 00000000 
00A 0B0912004004 00000000 00000004 00000004 00000000 000000BC 0000000B 0000000A 00000002 00000001 00000003 00000000 00000000 00000000 00000000 00000000 00000000 
004 025179004000 00000000 00000004 00000000 00000000 000000BC 0000000B 0000000A 00000002 00000001 00000003 00000000 00000000 00000000 00000000 00000000 00000000 
005 105510100000 00000000 00000100 00000000 00000000 000000BC 0000000B 0000000A 00000002 00000001 00000003 00000000 00000000 00000000 00000000 00000000 00000000 
006 026198004000 00000000 00000004 00000000 00000000 000000BC 0000000C 0000000A 00000002 00000001 00000003 00000000 00000000 00000000 00000000 00000000 00000000 
007 106610110000 00000000 00000110 00000000 00000000 000000BC 0000000C 0000000D 00000002 00000001 00000003 00000000 00000000 00000000 00000000 00000000 00000000 
008 024564000000 00000000 00000000 00000000 00000000 000000BC 0000000C 0000000E 00000002 00000001 00000003 00000000 00000000 00000000 00000000 00000000 00000000 
009 009910001000 00000000 00000001 00000000 00000000 00000164 0000000C 0000000E 00000002 00000001 00000003 00000000 00000000 00000000 00000000 00000000 00000000 
00A 0B0912004004 00000000 00000004 00000004 00000000 00000164 0000000C 0000000E 00000002 00000001 00000004 00000000 00000000 00000000 00000000 00000000 00000000 
00B 026178004000 00000000 00000004 00000000 00000000 00000164 0000000C 0000000E 00000002 00000001 00000004 00000000 00000000 00000000 00000000 00000000 00000000 
00C 114610120000 00000000 00000120 00000000 00000000 00000164 0000000C 00000009 00000002 00000001 00000004 00000000 00000000 00000000 00000000 00000000 00000000 
00D 008810001000 00000000 00000001 00000000 00000000 00000164 0000000C 00000009 00000002 00000001 00000004 00000000 00000000 00000000 00000000 00000000 00000000 
00E 0B0812004002 00000000 00000004 00000002 00000000 00000164 0000000C 00000009 00000002 00000002 00000004 00000000 00000000 00000000 00000000 00000000 00000000 
002 009000000000 00000000 00000000 00000000 00000000 00000164 0000000C 00000009 00000002 00000002 00000004 00000000 00000000 00000000 00000000 00000000 00000000 
003 004000000000 00000000 00000000 00000000 00000000 00000164 0000000C 00000009 00000002 00000002 00000000 00000000 00000000 00000000 00000000 00000000 00000000 
004 025179004000 00000000 00000004 00000000 00000000 00000000 0000000C 00000009 00000002 00000002 00000000 00000000 00000000 00000000 00000000 00000000 00000000 
005 105510100000 00000000 00000100 00000000 00000000 00000000 00000008 00000009 00000002 00000002 00000000 00000000 00000000 00000000 00000000 00000000 00000000 
006 026198004000 00000000 00000004 00000000 00000000 00000000 00000009 00000009 00000002 00000002 00000000 00000000 00000000 00000000 00000000 00000000 00000000 
007 106610110000 00000000 00000110 00000000 00000000 00000000 00000009 00000002 00000002 00000002 00000000 00000000 00000000 00000000 00000000 00000000 00000000 
008 024564000000 00000000 00000000 00000000 00000000 00000000 00000009 00000003 00000002 00000002 00000000 00000000 00000000 00000000 00000000 00000000 00000000 
009 009910001000 00000000 00000001 00000000 00000000 0000001B 00000009 00000003 00000002 00000002 00000000 00000000 00000000 00000000 00000000 00000000 00000000 
00A 0B0912004004 00000000 00000004 00000004 00000000 0000001B 00000009 00000003 00000002 00000002 00000001 00000000 00000000 00000000 00000000 00000000 00000000 
004 025179004000 00000000 00000004 00000000 00000000 0000001B 00000009 00000003 00000002 00000002 00000001 00000000 00000000 00000000 00000000 00000000 00000000 
005 105510100000 00000000 00000100 00000000 00000000 0000001B 00000009 00000003 00000002 00000002 00000001 00000000 00000000 00000000 00000000 00000000 00000000 
006 026198004000 00000000 00000004 00000000 00000000 0000001B 0000000A 00000003 00000002 00000002 00000001 00000000 00000000 00000000 00000000 00000000 00000000 
007 106610110000 00000000 00000110 00000000 00000000 0000001B 0000000A 00000006 00000002 00000002 00000001 00000000 00000000 00000000 00000000 00000000 00000000 
008 024564000000 00000000 00000000 00000000 00000000 0000001B 0000000A 00000007 00000002 00000002 00000001 00000000 00000000 00000000 00000000 00000000 00000000 
009 009910001000 00000000 00000001 00000000 00000000 00000061 0000000A 00000007 00000002 00000002 00000001 00000000 00000000 00000000 00000000 00000000 00000000 
00A 0B0912004004 00000000 00000004 00000004 00000000 00000061 0000000A 00000007 00000002 00000002 00000002 00000000 00000000 00000000 00000000 00000000 00000000 
004 025179004000 00000000 00000004 00000000 00000000 00000061 0000000A 00000007 00000002 00000002 00000002 00000000 00000000 00000000 00000000 00000000 00000000 
005 105510100000 00000000 00000100 00000000 00000000 00000061 0000000A 00000007 00000002 00000002 00000002 00000000 00000000 00000000 00000000 00000000 00000000 
006 026198004000 00000000 00000004 00000000 00000000 00000061 0000000B 00000007 00000002 00000002 00000002 00000000 00000000 00000000 00000000 00000000 00000000 
007 106610110000 00000000 00000110 00000000 00000000 00000061 0000000B 0000000A 00000002 00000002 00000002 00000000 00000000 00000000 00000000 00000000 00000000 
008 024564000000 00000000 00000000 00000000 00000000 00000061 0000000B 0000000B 00000002 00000002 00000002 00000000 00000000 00000000 00000000 00000000 00000000 
009 009910001000 00000000 00000001 00000000 00000000 000000DA 0000000B 0000000B 00000002 00000002 00000002 00000000 00000000 00000000 00000000 00000000 00000000 
00A 0B0912004004 00000000 00000004 00000004 00000000 000000DA 0000000B 0000000B 00000002 00000002 00000003 00000000 00000000 00000000 00000000 00000000 00000000 
004 025179004000 00000000 00000004 00000000 00000000 000000DA 0000000B 0000000B 00000002 00000002 00000003 00000000 00000000 00000000 00000000 00000000 00000000 
005 105510100000 00000000 00000100 00000000 00000000 000000DA 0000000B 0000000B 00000002 00000002 00000003 00000000 00000000 00000000 00000000 00000000 00000000 
006 026198004000 00000000 00000004 00000000 00000000 000000DA 0000000C 0000000B 00000002 00000002 00000003 00000000 00000000 00000000 00000000 00000000 00000000 
007 106610110000 00000000 00000110 00000000 00000000 000000DA 0000000C 0000000E 00000002 00000002 00000003 00000000 00000000 00000000 00000000 00000000 00000000 
008 024564000000 00000000 00000000 00000000 00000000 000000DA 0000000C 0000000F 00000002 00000002 00000003 00000000 00000000 00000000 00000000 00000000 00000000 
009 009910001000 00000000 00000001 00000000 00000000 0000018E 0000000C 0000000F 00000002 00000002 00000003 00000000 00000000 00000000 00000000 00000000 00000000 
00A 0B0912004004 00000000 00000004 00000004 00000000 0000018E 0000000C 0000000F 00000002 00000002 00000004 00000000 00000000 00000000 00000000 00000000 00000000 
00B 026178004000 00000000 00000004 00000000 00000000 0000018E 0000000C 0000000F 00000002 00000002 00000004 00000000 00000000 00000000 00000000 00000000 00000000 
00C 114610120000 00000000 00000120 00000000 00000000 0000018E 0000000C 0000000A 00000002 00000002 00000004 00000000 00000000 00000000 00000000 00000000 00000000 
00D 008810001000 00000000 00000001 00000000 00000000 0000018E 0000000C 0000000A 00000002 00000002 00000004 00000000 00000000 00000000 00000000 00000000 00000000 
00E 0B0812004002 00000000 00000004 00000002 00000000 0000018E 0000000C 0000000A 00000002 00000003 00000004 00000000 00000000 00000000 00000000 00000000 00000000 
002 009000000000 00000000 00000000 00000000 00000000 0000018E 0000000C 0000000A 00000002 00000003 00000004 00000000 00000000 00000000 00000000 00000000 00000000 
003 004000000000 00000000 00000000 00000000 00000000 0000018E 0000000C 0000000A 00000002 00000003 00000000 00000000 00000000 00000000 00000000 00000000 00000000 
004 025179004000 00000000 00000004 00000000 00000000 00000000 0000000C 0000000A 00000002 00000003 00000000 00000000 00000000 00000000 00000000 00000000 00000000 
005 105510100000 00000000 00000100 00000000 00000000 00000000 00000008 0000000A 00000002 00000003 00000000 00000000 00000000 00000000 00000000 00000000 00000000 
006 026198004000 00000000 00000004 00000000 00000000 00000000 00000009 0000000A 00000002 00000003 00000000 00000000 00000000 00000000 00000000 00000000 00000000 
007 106610110000 00000000 00000110 00000000 00000000 00000000 00000009 00000003 00000002 00000003 00000000 00000000 00000000 00000000 00000000 00000000 00000000 
008 024564000000 00000000 00000000 00000000 00000000 00000000 00000009 00000004 00000002 00000003 00000000 00000000 00000000 00000000 00000000 00000000 00000000 
009 009910001000 00000000 00000001 00000000 00000000 00000024 00000009 00000004 00000002 00000003 00000000 00000000 00000000 00000000 00000000 00000000 00000000 
00A 0B0912004004 00000000 00000004 00000004 00000000 00000024 00000009 00000004 00000002 00000003 00000001 00000000 00000000 00000000 00000000 00000000 00000000 
004 025179004000 00000000 00000004 00000000 00000000 00000024 00000009 00000004 00000002 00000003 00000001 00000000 00000000 00000000 00000000 00000000 00000000 
005 105510100000 00000000 00000100 00000000 00000000 00000024 00000009 00000004 00000002 00000003 00000001 00000000 00000000 00000000 00000000 00000000 00000000 
006 026198004000 00000000 00000004 00000000 00000000 00000024 0000000A 00000004 00000002 00000003 00000001 00000000 00000000 00000000 00000000 00000000 00000000 
007 106610110000 00000000 00000110 00000000 00000000 00000024 0000000A 00000007 00000002 00000003 00000001 00000000 00000000 00000000 00000000 00000000 00000000 
008 024564000000 00000000 00000000 00000000 00000000 00000024 0000000A 00000008 00000002 00000003 00000001 00000000 00000000 00000000 00000000 00000000 00000000 
009 009910001000 00000000 00000001 00000000 00000000 00000074 0000000A 00000008 00000002 00000003 00000001 00000000 00000000 00000000 00000000 00000000 00000000 
00A 0B0912004004 00000000 00000004 00000004 00000000 00000074 0000000A 00000008 00000002 00000003 00000002 00000000 00000000 00000000 00000000 00000000 00000000 
004 025179004000 00000000 00000004 00000000 00000000 00000074 0000000A 00000008 00000002 00000003 00000002 00000000 00000000 00000000 00000000 00000000 00000000 
005 105510100000 00000000 00000100 00000000 00000000 00000074 0000000A 00000008 00000002 00000003 00000002 00000000 00000000 00000000 00000000 00000000 00000000 
006 026198004000 00000000 00000004 00000000 00000000 00000074 0000000B 00000008 00000002 00000003 00000002 00000000 00000000 00000000 00000000 00000000 00000000 
007 106610110000 00000000 00000110 00000000 00000000 00000074 0000000B 0000000B 00000002 00000003 00000002 00000000 00000000 00000000 00000000 00000000 00000000 
008 024564000000 00000000 00000000 00000000 00000000 00000074 0000000B 0000000C 00000002 00000003 00000002 00000000 00000000 00000000 00000000 00000000 00000000 
009 009910001000 00000000 00000001 00000000 00000000 000000F8 0000000B 0000000C 00000002 00000003 00000002 00000000 00000000 00000000 00000000 00000000 00000000 
00A 0B0912004004 00000000 00000004 00000004 00000000 000000F8 0000000B 0000000C 00000002 00000003 00000003 00000000 00000000 00000000 00000000 00000000 00000000 
004 025179004000 00000000 00000004 00000000 00000000 000000F8 0000000B 0000000C 00000002 00000003 00000003 00000000 00000000 00000000 00000000 00000000 00000000 
005 105510100000 00000000 00000100 00000000 00000000 000000F8 0000000B 0000000C 00000002 00000003 00000003 00000000 00000000 00000000 00000000 00000000 00000000 
006 026198004000 00000000 00000004 00000000 00000000 000000F8 0000000C 0000000C 00000002 00000003 00000003 00000000 00000000 00000000 00000000 00000000 00000000 
007 106610110000 00000000 00000110 00000000 00000000 000000F8 0000000C 0000000F 00000002 00000003 00000003 00000000 00000000 00000000 00000000 00000000 00000000 
008 024564000000 00000000 00000000 00000000 00000000 000000F8 0000000C 00000010 00000002 00000003 00000003 00000000 00000000 00000000 00000000 00000000 00000000 
009 009910001000 00000000 00000001 00000000 00000000 000001B8 0000000C 00000010 00000002 00000003 00000003 00000000 00000000 00000000 00000000 00000000 00000000 
00A 0B0912004004 00000000 00000004 00000004 00000000 000001B8 0000000C 00000010 00000002 00000003 00000004 00000000 00000000 00000000 00000000 00000000 00000000 
00B 026178004000 00000000 00000004 00000000 00000000 000001B8 0000000C 00000010 00000002 00000003 00000004 00000000 00000000 00000000 00000000 00000000 00000000 
00C 114610120000 00000000 00000120 00000000 00000000 000001B8 0000000C 0000000B 00000002 00000003 00000004 00000000 00000000 00000000 00000000 00000000 00000000 
00D 008810001000 00000000 00000001 00000000 00000000 000001B8 0000000C 0000000B 00000002 00000003 00000004 00000000 00000000 00000000 00000000 00000000 00000000 
00E 0B0812004002 00000000 00000004 00000002 00000000 000001B8 0000000C 0000000B 00000002 00000004 00000004 00000000 00000000 00000000 00000000 00000000 00000000 
00F 007710001000 00000000 00000001 00000000 00000000 000001B8 0000000C 0000000B 00000002 00000004 00000004 00000000 00000000 00000000 00000000 00000000 00000000 
010 0B0712004001 00000000 00000004 00000001 00000000 000001B8 0000000C 0000000B 00000003 00000004 00000004 00000000 00000000 00000000 00000000 00000000 00000000 
001 008000000000 00000000 00000000 00000000 00000000 000001B8 0000000C 0000000B 00000003 00000004 00000004 00000000 00000000 00000000 00000000 00000000 00000000 
002 009000000000 00000000 00000000 00000000 00000000 000001B8 0000000C 0000000B 00000003 00000000 00000004 00000000 00000000 00000000 00000000 00000000 00000000 
003 004000000000 00000000 00000000 00000000 00000000 000001B8 0000000C 0000000B 00000003 00000000 00000000 00000000 00000000 00000000 00000000 00000000 00000000 
004 025179004000 00000000 00000004 00000000 00000000 00000000 0000000C 0000000B 00000003 00000000 00000000 00000000 00000000 00000000 00000000 00000000 00000000 
005 105510100000 00000000 00000100 00000000 00000000 00000000 0000000C 0000000B 00000003 00000000 00000000 00000000 00000000 00000000 00000000 00000000 00000000 
006 026198004000 00000000 00000004 00000000 00000000 00000000 0000000D 0000000B 00000003 00000000 00000000 00000000 00000000 00000000 00000000 00000000 00000000 
007 106610110000 00000000 00000110 00000000 00000000 00000000 0000000D 00000000 00000003 00000000 00000000 00000000 00000000 00000000 00000000 00000000 00000000 
008 024564000000 00000000 00000000 00000000 00000000 00000000 0000000D 00000001 00000003 00000000 00000000 00000000 00000000 00000000 00000000 00000000 00000000 
009 009910001000 00000000 00000001 00000000 00000000 0000000D 0000000D 00000001 00000003 00000000 00000000 00000000 00000000 00000000 00000000 00000000 00000000 
00A 0B0912004004 00000000 00000004 00000004 00000000 0000000D 0000000D 00000001 00000003 00000000 00000001 00000000 00000000 00000000 00000000 00000000 00000000 
004 025179004000 00000000 00000004 00000000 00000000 0000000D 0000000D 00000001 00000003 00000000 00000001 00000000 00000000 00000000 00000000 00000000 00000000 
005 105510100000 00000000 00000100 00000000 00000000 0000000D 0000000D 00000001 00000003 00000000 00000001 00000000 00000000 00000000 00000000 00000000 00000000 
006 026198004000 00000000 00000004 00000000 00000000 0000000D 0000000E 00000001 00000003 00000000 00000001 00000000 00000000 00000000 00000000 00000000 00000000 
007 106610110000 00000000 00000110 00000000 00000000 0000000D 0000000E 00000004 00000003 00000000 00000001 00000000 00000000 00000000 00000000 00000000 00000000 
008 024564000000 00000000 00000000 00000000 00000000 0000000D 0000000E 00000005 00000003 00000000 00000001 00000000 00000000 00000000 00000000 00000000 00000000 
009 009910001000 00000000 00000001 00000000 00000000 00000053 0000000E 00000005 00000003 00000000 00000001 00000000 00000000 00000000 00000000 00000000 00000000 
00A 0B0912004004 00000000 00000004 00000004 00000000 00000053 0000000E 00000005 00000003 00000000 00000002 00000000 00000000 00000000 00000000 00000000 00000000 
004 025179004000 00000000 00000004 00000000 00000000 00000053 0000000E 00000005 00000003 00000000 00000002 00000000 00000000 00000000 00000000 00000000 00000000 
005 105510100000 00000000 00000100 00000000 00000000 00000053 0000000E 00000005 00000003 00000000 00000002 00000000 00000000 00000000 00000000 00000000 00000000 
006 026198004000 00000000 00000004 00000000 00000000 00000053 0000000F 00000005 00000003 00000000 00000002 00000000 00000000 00000000 00000000 00000000 00000000 
007 106610110000 00000000 00000110 00000000 00000000 00000053 0000000F 00000008 00000003 00000000 00000002 00000000 00000000 00000000 00000000 00000000 00000000 
008 024564000000 00000000 00000000 00000000 00000000 00000053 0000000F 00000009 00000003 00000000 00000002 00000000 00000000 00000000 00000000 00000000 00000000 
009 009910001000 00000000 00000001 00000000 00000000 000000DA 0000000F 00000009 00000003 00000000 00000002 00000000 00000000 00000000 00000000 00000000 00000000 
00A 0B0912004004 00000000 00000004 00000004 00000000 000000DA 0000000F 00000009 00000003 00000000 00000003 00000000 00000000 00000000 00000000 00000000 00000000 
004 025179004000 00000000 00000004 00000000 00000000 000000DA 0000000F 00000009 00000003 00000000 00000003 00000000 00000000 00000000 00000000 00000000 00000000 
005 105510100000 00000000 00000100 00000000 00000000 000000DA 0000000F 00000009 00000003 00000000 00000003 00000000 00000000 00000000 00000000 00000000 00000000 
006 026198004000 00000000 00000004 00000000 00000000 000000DA 00000010 00000009 00000003 00000000 00000003 00000000 00000000 00000000 00000000 00000000 00000000 
007 106610110000 00000000 00000110 00000000 00000000 000000DA 00000010 0000000C 00000003 00000000 00000003 00000000 00000000 00000000 00000000 00000000 00000000 
008 024564000000 00000000 00000000 00000000 00000000 000000DA 00000010 0000000D 00000003 00000000 00000003 00000000 00000000 00000000 00000000 00000000 00000000 
009 009910001000 00000000 00000001 00000000 00000000 000001AA 00000010 0000000D 00000003 00000000 00000003 00000000 00000000 00000000 00000000 00000000 00000000 
00A 0B0912004004 00000000 00000004 00000004 00000000 000001AA 00000010 0000000D 00000003 00000000 00000004 00000000 00000000 00000000 00000000 00000000 00000000 
00B 026178004000 00000000 00000004 00000000 00000000 000001AA 00000010 0000000D 00000003 00000000 00000004 00000000 00000000 00000000 00000000 00000000 00000000 
00C 114610120000 00000000 00000120 00000000 00000000 000001AA 00000010 0000000C 00000003 00000000 00000004 00000000 00000000 00000000 00000000 00000000 00000000 
00D 008810001000 00000000 00000001 00000000 00000000 000001AA 00000010 0000000C 00000003 00000000 00000004 00000000 00000000 00000000 00000000 00000000 00000000 
00E 0B0812004002 00000000 00000004 00000002 00000000 000001AA 00000010 0000000C 00000003 00000001 00000004 00000000 00000000 00000000 00000000 00000000 00000000 
002 009000000000 00000000 00000000 00000000 00000000 000001AA 00000010 0000000C 00000003 00000001 00000004 00000000 00000000 00000000 00000000 00000000 00000000 
003 004000000000 00000000 00000000 00000000 00000000 000001AA 00000010 0000000C 00000003 00000001 00000000 00000000 00000000 00000000 00000000 00000000 00000000 
004 025179004000 00000000 00000004 00000000 00000000 00000000 00000010 0000000C 00000003 00000001 00000000 00000000 00000000 00000000 00000000 00000000 00000000 
005 105510100000 00000000 00000100 00000000 00000000 00000000 0000000C 0000000C 00000003 00000001 00000000 00000000 00000000 00000000 00000000 00000000 00000000 
006 026198004000 00000000 00000004 00000000 00000000 00000000 0000000D 0000000C 00000003 00000001 00000000 00000000 00000000 00000000 00000000 00000000 00000000 
007 106610110000 00000000 00000110 00000000 00000000 00000000 0000000D 00000001 00000003 00000001 00000000 00000000 00000000 00000000 00000000 00000000 00000000 
008 024564000000 00000000 00000000 00000000 00000000 00000000 0000000D 00000002 00000003 00000001 00000000 00000000 00000000 00000000 00000000 00000000 00000000 
009 009910001000 00000000 00000001 00000000 00000000 0000001A 0000000D 00000002 00000003 00000001 00000000 00000000 00000000 00000000 00000000 00000000 00000000 
00A 0B0912004004 00000000 00000004 00000004 00000000 0000001A 0000000D 00000002 00000003 00000001 00000001 00000000 00000000 00000000 00000000 00000000 00000000 
004 025179004000 00000000 00000004 00000000 00000000 0000001A 0000000D 00000002 00000003 00000001 00000001 00000000 00000000 00000000 00000000 00000000 00000000 
005 105510100000 00000000 00000100 00000000 00000000 0000001A 0000000D 00000002 00000003 00000001 00000001 00000000 00000000 00000000 00000000 00000000 00000000 
006 026198004000 00000000 00000004 00000000 00000000 0000001A 0000000E 00000002 00000003 00000001 00000001 00000000 00000000 00000000 00000000 00000000 00000000 
007 106610110000 00000000 00000110 00000000 00000000 0000001A 0000000E 00000005 00000003 00000001 00000001 00000000 00000000 00000000 00000000 00000000 00000000 
008 024564000000 00000000 00000000 00000000 00000000 0000001A 0000000E 00000006 00000003 00000001 00000001 00000000 00000000 00000000 00000000 00000000 00000000 
009 009910001000 00000000 00000001 00000000 00000000 0000006E 0000000E 00000006 00000003 00000001 00000001 00000000 00000000 00000000 00000000 00000000 00000000 
00A 0B0912004004 00000000 00000004 00000004 00000000 0000006E 0000000E 00000006 00000003 00000001 00000002 00000000 00000000 00000000 00000000 00000000 00000000 
004 025179004000 00000000 00000004 00000000 00000000 0000006E 0000000E 00000006 00000003 00000001 00000002 00000000 00000000 00000000 00000000 00000000 00000000 
005 105510100000 00000000 00000100 00000000 00000000 0000006E 0000000E 00000006 00000003 00000001 00000002 00000000 00000000 00000000 00000000 00000000 00000000 
006 026198004000 00000000 00000004 00000000 00000000 0000006E 0000000F 00000006 00000003 00000001 00000002 00000000 00000000 00000000 00000000 00000000 00000000 
007 106610110000 00000000 00000110 00000000 00000000 0000006E 0000000F 00000009 00000003 00000001 00000002 00000000 00000000 00000000 00000000 00000000 00000000 
008 024564000000 00000000 00000000 00000000 00000000 0000006E 0000000F 0000000A 00000003 00000001 00000002 00000000 00000000 00000000 00000000 00000000 00000000 
009 009910001000 00000000 00000001 00000000 00000000 00000104 0000000F 0000000A 00000003 00000001 00000002 00000000 00000000 00000000 00000000 00000000 00000000 
00A 0B0912004004 00000000 00000004 00000004 00000000 00000104 0000000F 0000000A 00000003 00000001 00000003 00000000 00000000 00000000 00000000 00000000 00000000 
004 025179004000 00000000 00000004 00000000 00000000 00000104 0000000F 0000000A 00000003 00000001 00000003 00000000 00000000 00000000 00000000 00000000 00000000 
005 105510100000 00000000 00000100 00000000 00000000 00000104 0000000F 0000000A 00000003 00000001 00000003 00000000 00000000 00000000 00000000 00000000 00000000 
006 026198004000 00000000 00000004 00000000 00000000 00000104 00000010 0000000A 00000003 00000001 00000003 00000000 00000000 00000000 00000000 00000000 00000000 
007 106610110000 00000000 00000110 00000000 00000000 00000104 00000010 0000000D 00000003 00000001 00000003 00000000 00000000 00000000 00000000 00000000 00000000 
008 024564000000 00000000 00000000 00000000 00000000 00000104 00000010 0000000E 00000003 00000001 00000003 00000000 00000000 00000000 00000000 00000000 00000000 
009 009910001000 00000000 00000001 00000000 00000000 000001E4 00000010 0000000E 00000003 00000001 00000003 00000000 00000000 00000000 00000000 00000000 00000000 
00A 0B0912004004 00000000 00000004 00000004 00000000 000001E4 00000010 0000000E 00000003 00000001 00000004 00000000 00000000 00000000 00000000 00000000 00000000 
00B 026178004000 00000000 00000004 00000000 00000000 000001E4 00000010 0000000E 00000003 00000001 00000004 00000000 00000000 00000000 00000000 00000000 00000000 
00C 114610120000 00000000 00000120 00000000 00000000 000001E4 00000010 0000000D 00000003 00000001 00000004 00000000 00000000 00000000 00000000 00000000 00000000 
00D 008810001000 00000000 00000001 00000000 00000000 000001E4 00000010 0000000D 00000003 00000001 00000004 00000000 00000000 00000000 00000000 00000000 00000000 
00E 0B0812004002 00000000 00000004 00000002 00000000 000001E4 00000010 0000000D 00000003 00000002 00000004 00000000 00000000 00000000 00000000 00000000 00000000 
002 009000000000 00000000 00000000 00000000 00000000 000001E4 00000010 0000000D 00000003 00000002 00000004 00000000 00000000 00000000 00000000 00000000 00000000 
003 004000000000 00000000 00000000 00000000 00000000 000001E4 00000010 0000000D 00000003 00000002 00000000 00000000 00000000 00000000 00000000 00000000 00000000 
004 025179004000 00000000 00000004 00000000 00000000 00000000 00000010 0000000D 00000003 00000002 00000000 00000000 00000000 00000000 00000000 00000000 00000000 
005 105510100000 00000000 00000100 00000000 00000000 00000000 0000000C 0000000D 00000003 00000002 00000000 00000000 00000000 00000000 00000000 00000000 00000000 
006 026198004000 00000000 00000004 00000000 00000000 00000000 0000000D 0000000D 00000003 00000002 00000000 00000000 00000000 00000000 00000000 00000000 00000000 
007 106610110000 00000000 00000110 00000000 00000000 00000000 0000000D 00000002 00000003 00000002 00000000 00000000 00000000 00000000 00000000 00000000 00000000 
008 024564000000 00000000 00000000 00000000 00000000 00000000 0000000D 00000003 00000003 00000002 00000000 00000000 00000000 00000000 00000000 00000000 00000000 
009 009910001000 00000000 00000001 00000000 00000000 00000027 0000000D 00000003 00000003 00000002 00000000 00000000 00000000 00000000 00000000 00000000 00000000 
00A 0B0912004004 00000000 00000004 00000004 00000000 00000027 0000000D 00000003 00000003 00000002 00000001 00000000 00000000 00000000 00000000 00000000 00000000 
004 025179004000 00000000 00000004 00000000 00000000 00000027 0000000D 00000003 00000003 00000002 00000001 00000000 00000000 00000000 00000000 00000000 00000000 
005 105510100000 00000000 00000100 00000000 00000000 00000027 0000000D 00000003 00000003 00000002 00000001 00000000 00000000 00000000 00000000 00000000 00000000 
006 026198004000 00000000 00000004 00000000 00000000 00000027 0000000E 00000003 00000003 00000002 00000001 00000000 00000000 00000000 00000000 00000000 00000000 
007 106610110000 00000000 00000110 00000000 00000000 00000027 0000000E 00000006 00000003 00000002 00000001 00000000 00000000 00000000 00000000 00000000 00000000 
008 024564000000 00000000 00000000 00000000 00000000 00000027 0000000E 00000007 00000003 00000002 00000001 00000000 00000000 00000000 00000000 00000000 00000000 
009 009910001000 00000000 00000001 00000000 00000000 00000089 0000000E 00000007 00000003 00000002 00000001 00000000 00000000 00000000 00000000 00000000 00000000 
00A 0B0912004004 00000000 00000004 00000004 00000000 00000089 0000000E 00000007 00000003 00000002 00000002 00000000 00000000 00000000 00000000 00000000 00000000 
004 025179004000 00000000 00000004 00000000 00000000 00000089 0000000E 00000007 00000003 00000002 00000002 00000000 00000000 00000000 00000000 00000000 00000000 
005 105510100000 00000000 00000100 00000000 00000000 00000089 0000000E 00000007 00000003 00000002 00000002 00000000 00000000 00000000 00000000 00000000 00000000 
006 026198004000 00000000 00000004 00000000 00000000 00000089 0000000F 00000007 00000003 00000002 00000002 00000000 00000000 00000000 00000000 00000000 00000000 
007 106610110000 00000000 00000110 00000000 00000000 00000089 0000000F 0000000A 00000003 00000002 00000002 00000000 00000000 00000000 00000000 00000000 00000000 
008 024564000000 00000000 00000000 00000000 00000000 00000089 0000000F 0000000B 00000003 00000002 00000002 00000000 00000000 00000000 00000000 00000000 00000000 
009 009910001000 00000000 00000001 00000000 00000000 0000012E 0000000F 0000000B 00000003 00000002 00000002 00000000 00000000 00000000 00000000 00000000 00000000 
00A 0B0912004004 00000000 00000004 00000004 00000000 0000012E 0000000F 0000000B 00000003 00000002 00000003 00000000 00000000 00000000 00000000 00000000 00000000 
004 025179004000 00000000 00000004 00000000 00000000 0000012E 0000000F 0000000B 00000003 00000002 00000003 00000000 00000000 00000000 00000000 00000000 00000000 
005 105510100000 00000000 00000100 00000000 00000000 0000012E 0000000F 0000000B 00000003 00000002 00000003 00000000 00000000 00000000 00000000 00000000 00000000 
006 026198004000 00000000 00000004 00000000 00000000 0000012E 00000010 0000000B 00000003 00000002 00000003 00000000 00000000 00000000 00000000 00000000 00000000 
007 106610110000 00000000 00000110 00000000 00000000 0000012E 00000010 0000000E 00000003 00000002 00000003 00000000 00000000 00000000 00000000 00000000 00000000 
008 024564000000 00000000 00000000 00000000 00000000 0000012E 00000010 0000000F 00000003 00000002 00000003 00000000 00000000 00000000 00000000 00000000 00000000 
009 009910001000 00000000 00000001 00000000 00000000 0000021E 00000010 0000000F 00000003 00000002 00000003 00000000 00000000 00000000 00000000 00000000 00000000 
00A 0B0912004004 00000000 00000004 00000004 00000000 0000021E 00000010 0000000F 00000003 00000002 00000004 00000000 00000000 00000000 00000000 00000000 00000000 
00B 026178004000 00000000 00000004 00000000 00000000 0000021E 00000010 0000000F 00000003 00000002 00000004 00000000 00000000 00000000 00000000 00000000 00000000 
00C 114610120000 00000000 00000120 00000000 00000000 0000021E 00000010 0000000E 00000003 00000002 00000004 00000000 00000000 00000000 00000000 00000000 00000000 
00D 008810001000 00000000 00000001 00000000 00000000 0000021E 00000010 0000000E 00000003 00000002 00000004 00000000 00000000 00000000 00000000 00000000 00000000 
00E 0B0812004002 00000000 00000004 00000002 00000000 0000021E 00000010 0000000E 00000003 00000003 00000004 00000000 00000000 00000000 00000000 00000000 00000000 
002 009000000000 00000000 00000000 00000000 00000000 0000021E 00000010 0000000E 00000003 00000003 00000004 00000000 00000000 00000000 00000000 00000000 00000000 
003 004000000000 00000000 00000000 00000000 00000000 0000021E 00000010 0000000E 00000003 00000003 00000000 00000000 00000000 00000000 00000000 00000000 00000000 
004 025179004000 00000000 00000004 00000000 00000000 00000000 00000010 0000000E 00000003 00000003 00000000 00000000 00000000 00000000 00000000 00000000 00000000 
005 105510100000 00000000 00000100 00000000 00000000 00000000 0000000C 0000000E 00000003 00000003 00000000 00000000 00000000 00000000 00000000 00000000 00000000 
006 026198004000 00000000 00000004 00000000 00000000 00000000 0000000D 0000000E 00000003 00000003 00000000 00000000 00000000 00000000 00000000 00000000 00000000 
007 106610110000 00000000 00000110 00000000 00000000 00000000 0000000D 00000003 00000003 00000003 00000000 00000000 00000000 00000000 00000000 00000000 00000000 
008 024564000000 00000000 00000000 00000000 00000000 00000000 0000000D 00000004 00000003 00000003 00000000 00000000 00000000 00000000 00000000 00000000 00000000 
009 009910001000 00000000 00000001 00000000 00000000 00000034 0000000D 00000004 00000003 00000003 00000000 00000000 00000000 00000000 00000000 00000000 00000000 
00A 0B0912004004 00000000 00000004 00000004 00000000 00000034 0000000D 00000004 00000003 00000003 00000001 00000000 00000000 00000000 00000000 00000000 00000000 
004 025179004000 00000000 00000004 00000000 00000000 00000034 0000000D 00000004 00000003 00000003 00000001 00000000 00000000 00000000 00000000 00000000 00000000 
005 105510100000 00000000 00000100 00000000 00000000 00000034 0000000D 00000004 00000003 00000003 00000001 00000000 00000000 00000000 00000000 00000000 00000000 
006 026198004000 00000000 00000004 00000000 00000000 00000034 0000000E 00000004 00000003 00000003 00000001 00000000 00000000 00000000 00000000 00000000 00000000 
007 106610110000 00000000 00000110 00000000 00000000 00000034 0000000E 00000007 00000003 00000003 00000001 00000000 00000000 00000000 00000000 00000000 00000000 
008 024564000000 00000000 00000000 00000000 00000000 00000034 0000000E 00000008 00000003 00000003 00000001 00000000 00000000 00000000 00000000 00000000 00000000 
009 009910001000 00000000 00000001 00000000 00000000 000000A4 0000000E 00000008 00000003 00000003 00000001 00000000 00000000 00000000 00000000 00000000 00000000 
00A 0B0912004004 00000000 00000004 00000004 00000000 000000A4 0000000E 00000008 00000003 00000003 00000002 00000000 00000000 00000000 00000000 00000000 00000000 
004 025179004000 00000000 00000004 00000000 00000000 000000A4 0000000E 00000008 00000003 00000003 00000002 00000000 00000000 00000000 00000000 00000000 00000000 
005 105510100000 00000000 00000100 00000000 00000000 000000A4 0000000E 00000008 00000003 00000003 00000002 00000000 00000000 00000000 00000000 00000000 00000000 
006 026198004000 00000000 00000004 00000000 00000000 000000A4 0000000F 00000008 00000003 00000003 00000002 00000000 00000000 00000000 00000000 00000000 00000000 
007 106610110000 00000000 00000110 00000000 00000000 000000A4 0000000F 0000000B 00000003 00000003 00000002 00000000 00000000 00000000 00000000 00000000 00000000 
008 024564000000 00000000 00000000 00000000 00000000 000000A4 0000000F 0000000C 00000003 00000003 00000002 00000000 00000000 00000000 00000000 00000000 00000000 
009 009910001000 00000000 00000001 00000000 00000000 00000158 0000000F 0000000C 00000003 00000003 00000002 00000000 00000000 00000000 00000000 00000000 00000000 
00A 0B0912004004 00000000 00000004 00000004 00000000 00000158 0000000F 0000000C 00000003 00000003 00000003 00000000 00000000 00000000 00000000 00000000 00000000 
004 025179004000 00000000 00000004 00000000 00000000 00000158 0000000F 0000000C 00000003 00000003 00000003 00000000 00000000 00000000 00000000 00000000 00000000 
005 105510100000 00000000 00000100 00000000 00000000 00000158 0000000F 0000000C 00000003 00000003 00000003 00000000 00000000 00000000 00000000 00000000 00000000 
006 026198004000 00000000 00000004 00000000 00000000 00000158 00000010 0000000C 00000003 00000003 00000003 00000000 00000000 00000000 00000000 00000000 00000000 
007 106610110000 00000000 00000110 00000000 00000000 00000158 00000010 0000000F 00000003 00000003 00000003 00000000 00000000 00000000 00000000 00000000 00000000 
008 024564000000 00000000 00000000 00000000 00000000 00000158 00000010 00000010 00000003 00000003 00000003 00000000 00000000 00000000 00000000 00000000 00000000 
009 009910001000 00000000 00000001 00000000 00000000 00000258 00000010 00000010 00000003 00000003 00000003 00000000 00000000 00000000 00000000 00000000 00000000 
00A 0B0912004004 00000000 00000004 00000004 00000000 00000258 00000010 00000010 00000003 00000003 00000004 00000000 00000000 00000000 00000000 00000000 00000000 
00B 026178004000 00000000 00000004 00000000 00000000 00000258 00000010 00000010 00000003 00000003 00000004 00000000 00000000 00000000 00000000 00000000 00000000 
00C 114610120000 00000000 00000120 00000000 00000000 00000258 00000010 0000000F 00000003 00000003 00000004 00000000 00000000 00000000 00000000 00000000 00000000 
00D 008810001000 00000000 00000001 00000000 00000000 00000258 00000010 0000000F 00000003 00000003 00000004 00000000 00000000 00000000 00000000 00000000 00000000 
00E 0B0812004002 00000000 00000004 00000002 00000000 00000258 00000010 0000000F 00000003 00000004 00000004 00000000 00000000 00000000 00000000 00000000 00000000 
00F 007710001000 00000000 00000001 00000000 00000000 00000258 00000010 0000000F 00000003 00000004 00000004 00000000 00000000 00000000 00000000 00000000 00000000 
010 0B0712004001 00000000 00000004 00000001 00000000 00000258 00000010 0000000F 00000004 00000004 00000004 00000000 00000000 00000000 00000000 00000000 00000000 
011 150000000000 00000000 00000000 00000000 00000000 00000258 00000010 0000000F 00000004 00000004 00000004 00000000 00000000 00000000 00000000 00000000 00000000 
