000 06E12000100B 00000000 00000001 0000000B 00000000 00000000 00000000 00000000 00000000 00000000 00000000 00000000 00000000 00000000 00000000 00000000 00000000 
001 104020000100 00000000 00000000 00000100 00000000 00000000 00000000 00000000 00000000 00000000 00000000 00000000 00000000 00000000 00000000 00000800 00000000 
002 105020000101 00000000 00000000 00000101 00000000 00000001 00000000 00000000 00000000 00000000 00000000 00000000 00000000 00000000 00000000 00000800 00000000 
003 0FF002000006 00000000 00000000 00000006 00000000 00000001 00000001 00000000 00000000 00000000 00000000 00000000 00000000 00000000 00000000 00000800 00000000 
006 00EE20000FFC 00000000 00000000 FFFFFFFC 00000000 00000001 00000001 00000000 00000000 00000000 00000000 00000000 00000000 00000000 00000000 00000800 00000004 
007 110E2A000003 00000000 00000000 00000003 00000000 00000001 00000001 00000000 00000000 00000000 00000000 00000000 00000000 00000000 00000000 000007FC 00000004 
008 110E2F000002 00000000 00000000 00000002 00000000 00000001 00000001 00000000 00000000 00000000 00000000 00000000 00000000 00000000 00000000 000007FC 00000004 
009 110E25000001 00000000 00000000 00000001 00000000 00000001 00000001 00000000 00000000 00000000 00000000 00000000 00000000 00000000 00000000 000007FC 00000004 
00A 110E24000000 00000000 00000000 00000000 00000000 00000001 00000001 00000000 00000000 00000000 00000000 00000000 00000000 00000000 00000000 000007FC 00000004 
00B 09045200000E 00000000 00000000 0000000E 00000000 00000001 00000001 00000000 00000000 00000000 00000000 00000000 00000000 00000000 00000000 000007FC 00000004 
00E 003020000001 00000000 00000000 00000001 00000000 00000001 00000001 00000000 00000000 00000000 00000000 00000000 00000000 00000000 00000000 000007FC 00000004 
00F 09000200001A 00000000 00000000 0000001A 00000001 00000001 00000001 00000000 00000000 00000000 00000000 00000000 00000000 00000000 00000000 000007FC 00000004 
01A 00EE20000004 00000000 00000000 00000004 00000001 00000001 00000001 00000000 00000000 00000000 00000000 00000000 00000000 00000000 00000000 000007FC 00000004 
01B 09000F000000 00000000 00000000 00000000 00000001 00000001 00000001 00000000 00000000 00000000 00000000 00000000 00000000 00000000 00000000 00000800 00000004 
004 110023000102 00000000 00000000 00000102 00000001 00000001 00000001 00000000 00000000 00000000 00000000 00000000 00000000 00000000 00000000 00000800 00000004 
005 150000000000 00000000 00000000 00000000 00000001 00000001 00000001 00000000 00000000 00000000 00000000 00000000 00000000 00000000 00000000 00000800 00000004 
